1 201001 201002 201003 201004 201005 201006 201007 201008 201009 201010
2 202001 202002 202003 202004 202005 202006 202007 202008 202009 202010
3 203001 203002 203003 203004 203005 203006 203007 203008 203009 203010
4 204001 204002 204003 204004 204005 204006 204007 204008 204009 204010
5 205001 205002 205003 205004 205005 205006 205007 205008 205009 205010
6 206001 206002 206003 206004 206005 206006 206007 206008 206009 206010
7 207001 207002 207003 207004 207005 207006 207007 207008 207009 207010
8 208001 208002 208003 208004 208005 208006 208007 208008 208009 208010
9 209001 209002 209003 209004 209005 209006 209007 209008 209009 209010
10 210001 210002 210003 210004 210005 210006 210007 210008 210009 210010
11 211001 211002 211003 211004 211005 211006 211007 211008 211009 211010
12 212001 212002 212003 212004 212005 212006 212007 212008 212009 212010
13 213001 213002 213003 213004 213005 213006 213007 213008 213009 213010
14 214001 214002 214003 214004 214005 214006 214007 214008 214009 214010
15 215001 215002 215003 215004 215005 215006 215007 215008 215009 215010
16 216001 216002 216003 216004 216005 216006 216007 216008 216009 216010
17 217001 217002 217003 217004 217005 217006 217007 217008 217009 217010
18 218001 218002 218003 218004 218005 218006 218007 218008 218009 218010
19 219001 219002 219003 219004 219005 219006 219007 219008 219009 219010
20 220001 220002 220003 220004 220005 220006 220007 220008 220009 220010
21 221001 221002 221003 221004 221005 221006 221007 221008 221009 221010
22 222001 222002 222003 222004 222005 222006 222007 222008 222009 222010
23 223001 223002 223003 223004 223005 223006 223007 223008 223009 223010
24 224001 224002 224003 224004 224005 224006 224007 224008 224009 224010
25 225001 225002 225003 225004 225005 225006 225007 225008 225009 225010
26 226001 226002 226003 226004 226005 226006 226007 226008 226009 226010
27 227001 227002 227003 227004 227005 227006 227007 227008 227009 227010
28 228001 228002 228003 228004 228005 228006 228007 228008 228009 228010
29 229001 229002 229003 229004 229005 229006 229007 229008 229009 229010
30 230001 230002 230003 230004 230005 230006 230007 230008 230009 230010
31 231001 231002 231003 231004 231005 231006 231007 231008 231009 231010
32 232001 232002 232003 232004 232005 232006 232007 232008 232009 232010
33 233001 233002 233003 233004 233005 233006 233007 233008 233009 233010
34 234001 234002 234003 234004 234005 234006 234007 234008 234009 234010
35 235001 235002 235003 235004 235005 235006 235007 235008 235009 235010
36 236001 236002 236003 236004 236005 236006 236007 236008 236009 236010
37 237001 237002 237003 237004 237005 237006 237007 237008 237009 237010
38 238001 238002 238003 238004 238005 238006 238007 238008 238009 238010
39 239001 239002 239003 239004 239005 239006 239007 239008 239009 239010
40 240001 240002 240003 240004 240005 240006 240007 240008 240009 240010
41 241001 241002 241003 241004 241005 241006 241007 241008 241009 241010
42 242001 242002 242003 242004 242005 242006 242007 242008 242009 242010
43 243001 243002 243003 243004 243005 243006 243007 243008 243009 243010
44 244001 244002 244003 244004 244005 244006 244007 244008 244009 244010
45 245001 245002 245003 245004 245005 245006 245007 245008 245009 245010
46 246001 246002 246003 246004 246005 246006 246007 246008 246009 246010
47 247001 247002 247003 247004 247005 247006 247007 247008 247009 247010
48 248001 248002 248003 248004 248005 248006 248007 248008 248009 248010
49 249001 249002 249003 249004 249005 249006 249007 249008 249009 249010
50 250001 250002 250003 250004 250005 250006 250007 250008 250009 250010
51 251001 251002 251003 251004 251005 251006 251007 251008 251009 251010
52 252001 252002 252003 252004 252005 252006 252007 252008 252009 252010
53 253001 253002 253003 253004 253005 253006 253007 253008 253009 253010
54 254001 254002 254003 254004 254005 254006 254007 254008 254009 254010
55 255001 255002 255003 255004 255005 255006 255007 255008 255009 255010
56 256001 256002 256003 256004 256005 256006 256007 256008 256009 256010
57 257001 257002 257003 257004 257005 257006 257007 257008 257009 257010
58 258001 258002 258003 258004 258005 258006 258007 258008 258009 258010
59 259001 259002 259003 259004 259005 259006 259007 259008 259009 259010
60 260001 260002 260003 260004 260005 260006 260007 260008 260009 260010
61 261001 261002 261003 261004 261005 261006 261007 261008 261009 261010
62 262001 262002 262003 262004 262005 262006 262007 262008 262009 262010
63 263001 263002 263003 263004 263005 263006 263007 263008 263009 263010
64 264001 264002 264003 264004 264005 264006 264007 264008 264009 264010
65 201011 201012 201013 201014 201015 201016 201017 201018 201019 201020
66 201021 201022 201023 201024 201025 201026 201027 201028 201029 201030
67 202011 202012 202013 202014 202015 202016 202017 202018 202019 202020
68 202021 202022 202023 202024 202025 202026 202027 202028 202029 202030
69 203011 203012 203013 203014 203015 203016 203017 203018 203019 203020
70 203021 203022 203023 203024 203025 203026 203027 203028 203029 203030
71 204011 204012 204013 204014 204015 204016 204017 204018 204019 204020
72 204021 204022 204023 204024 204025 204026 204027 204028 204029 204030
73 205011 205012 205013 205014 205015 205016 205017 205018 205019 205020
74 205021 205022 205023 205024 205025 205026 205027 205028 205029 205030
75 206011 206012 206013 206014 206015 206016 206017 206018 206019 206020
76 206021 206022 206023 206024 206025 206026 206027 206028 206029 206030
77 207011 207012 207013 207014 207015 207016 207017 207018 207019 207020
78 207021 207022 207023 207024 207025 207026 207027 207028 207029 207030
79 208011 208012 208013 208014 208015 208016 208017 208018 208019 208020
80 208021 208022 208023 208024 208025 208026 208027 208028 208029 208030
81 209011 209012 209013 209014 209015 209016 209017 209018 209019 209020
82 209021 209022 209023 209024 209025 209026 209027 209028 209029 209030
83 20a011 20a012 20a013 20a014 20a015 20a016 20a017 20a018 20a019 20a020
84 20a021 20a022 20a023 20a024 20a025 20a026 20a027 20a028 20a029 20a030
85 20b011 20b012 20b013 20b014 20b015 20b016 20b017 20b018 20b019 20b020
86 20b021 20b022 20b023 20b024 20b025 20b026 20b027 20b028 20b029 20b030
87 20c011 20c012 20c013 20c014 20c015 20c016 20c017 20c018 20c019 20c020
88 20c021 20c022 20c023 20c024 20c025 20c026 20c027 20c028 20c029 20c030
89 20d011 20d012 20d013 20d014 20d015 20d016 20d017 20d018 20d019 20d020
90 20d021 20d022 20d023 20d024 20d025 20d026 20d027 20d028 20d029 20d030
91 20e011 20e012 20e013 20e014 20e015 20e016 20e017 20e018 20e019 20e020
92 20e021 20e022 20e023 20e024 20e025 20e026 20e027 20e028 20e029 20e030
93 20f011 20f012 20f013 20f014 20f015 20f016 20f017 20f018 20f019 20f020
94 20f021 20f022 20f023 20f024 20f025 20f026 20f027 20f028 20f029 20f030
95 210011 210012 210013 210014 210015 210016 210017 210018 210019 210020
96 210021 210022 210023 210024 210025 210026 210027 210028 210029 210030
97 211011 211012 211013 211014 211015 211016 211017 211018 211019 211020
98 211021 211022 211023 211024 211025 211026 211027 211028 211029 211030
99 212011 212012 212013 212014 212015 212016 212017 212018 212019 212020
100 212021 212022 212023 212024 212025 212026 212027 212028 212029 212030
101 213011 213012 213013 213014 213015 213016 213017 213018 213019 213020
102 213021 213022 213023 213024 213025 213026 213027 213028 213029 213030
103 214011 214012 214013 214014 214015 214016 214017 214018 214019 214020
104 214021 214022 214023 214024 214025 214026 214027 214028 214029 214030
105 215011 215012 215013 215014 215015 215016 215017 215018 215019 215020
106 215021 215022 215023 215024 215025 215026 215027 215028 215029 215030
107 216011 216012 216013 216014 216015 216016 216017 216018 216019 216020
108 216021 216022 216023 216024 216025 216026 216027 216028 216029 216030
109 217011 217012 217013 217014 217015 217016 217017 217018 217019 217020
110 217021 217022 217023 217024 217025 217026 217027 217028 217029 217030
111 218011 218012 218013 218014 218015 218016 218017 218018 218019 218020
112 218021 218022 218023 218024 218025 218026 218027 218028 218029 218030
113 219011 219012 219013 219014 219015 219016 219017 219018 219019 219020
114 219021 219022 219023 219024 219025 219026 219027 219028 219029 219030
115 21a011 21a012 21a013 21a014 21a015 21a016 21a017 21a018 21a019 21a020
116 21a021 21a022 21a023 21a024 21a025 21a026 21a027 21a028 21a029 21a030
117 21b011 21b012 21b013 21b014 21b015 21b016 21b017 21b018 21b019 21b020
118 21b021 21b022 21b023 21b024 21b025 21b026 21b027 21b028 21b029 21b030
119 21c011 21c012 21c013 21c014 21c015 21c016 21c017 21c018 21c019 21c020
120 21c021 21c022 21c023 21c024 21c025 21c026 21c027 21c028 21c029 21c030
121 21d011 21d012 21d013 21d014 21d015 21d016 21d017 21d018 21d019 21d020
122 21d021 21d022 21d023 21d024 21d025 21d026 21d027 21d028 21d029 21d030
123 21e011 21e012 21e013 21e014 21e015 21e016 21e017 21e018 21e019 21e020
124 21e021 21e022 21e023 21e024 21e025 21e026 21e027 21e028 21e029 21e030
125 21f011 21f012 21f013 21f014 21f015 21f016 21f017 21f018 21f019 21f020
126 21f021 21f022 21f023 21f024 21f025 21f026 21f027 21f028 21f029 21f030
127 220011 220012 220013 220014 220015 220016 220017 220018 220019 220020
128 220021 220022 220023 220024 220025 220026 220027 220028 220029 220030
129 221011 221012 221013 221014 221015 221016 221017 221018 221019 221020
130 221021 221022 221023 221024 221025 221026 221027 221028 221029 221030
131 222011 222012 222013 222014 222015 222016 222017 222018 222019 222020
132 222021 222022 222023 222024 222025 222026 222027 222028 222029 222030
133 223011 223012 223013 223014 223015 223016 223017 223018 223019 223020
134 223021 223022 223023 223024 223025 223026 223027 223028 223029 223030
135 224011 224012 224013 224014 224015 224016 224017 224018 224019 224020
136 224021 224022 224023 224024 224025 224026 224027 224028 224029 224030
137 225011 225012 225013 225014 225015 225016 225017 225018 225019 225020
138 225021 225022 225023 225024 225025 225026 225027 225028 225029 225030
139 226011 226012 226013 226014 226015 226016 226017 226018 226019 226020
140 226021 226022 226023 226024 226025 226026 226027 226028 226029 226030
141 227011 227012 227013 227014 227015 227016 227017 227018 227019 227020
142 227021 227022 227023 227024 227025 227026 227027 227028 227029 227030
143 228011 228012 228013 228014 228015 228016 228017 228018 228019 228020
144 228021 228022 228023 228024 228025 228026 228027 228028 228029 228030
145 229011 229012 229013 229014 229015 229016 229017 229018 229019 229020
146 229021 229022 229023 229024 229025 229026 229027 229028 229029 229030
147 22a011 22a012 22a013 22a014 22a015 22a016 22a017 22a018 22a019 22a020
148 22a021 22a022 22a023 22a024 22a025 22a026 22a027 22a028 22a029 22a030
149 22b011 22b012 22b013 22b014 22b015 22b016 22b017 22b018 22b019 22b020
150 22b021 22b022 22b023 22b024 22b025 22b026 22b027 22b028 22b029 22b030
151 22c011 22c012 22c013 22c014 22c015 22c016 22c017 22c018 22c019 22c020
152 22c021 22c022 22c023 22c024 22c025 22c026 22c027 22c028 22c029 22c030
153 22d011 22d012 22d013 22d014 22d015 22d016 22d017 22d018 22d019 22d020
154 22d021 22d022 22d023 22d024 22d025 22d026 22d027 22d028 22d029 22d030
155 22e011 22e012 22e013 22e014 22e015 22e016 22e017 22e018 22e019 22e020
156 22e021 22e022 22e023 22e024 22e025 22e026 22e027 22e028 22e029 22e030
157 22f011 22f012 22f013 22f014 22f015 22f016 22f017 22f018 22f019 22f020
158 22f021 22f022 22f023 22f024 22f025 22f026 22f027 22f028 22f029 22f030
159 230011 230012 230013 230014 230015 230016 230017 230018 230019 230020
160 230021 230022 230023 230024 230025 230026 230027 230028 230029 230030
161 231011 231012 231013 231014 231015 231016 231017 231018 231019 231020
162 231021 231022 231023 231024 231025 231026 231027 231028 231029 231030
163 232011 232012 232013 232014 232015 232016 232017 232018 232019 232020
164 232021 232022 232023 232024 232025 232026 232027 232028 232029 232030
165 233011 233012 233013 233014 233015 233016 233017 233018 233019 233020
166 233021 233022 233023 233024 233025 233026 233027 233028 233029 233030
167 234011 234012 234013 234014 234015 234016 234017 234018 234019 234020
168 234021 234022 234023 234024 234025 234026 234027 234028 234029 234030
169 235011 235012 235013 235014 235015 235016 235017 235018 235019 235020
170 235021 235022 235023 235024 235025 235026 235027 235028 235029 235030
171 236011 236012 236013 236014 236015 236016 236017 236018 236019 236020
172 236021 236022 236023 236024 236025 236026 236027 236028 236029 236030
173 237011 237012 237013 237014 237015 237016 237017 237018 237019 237020
174 237021 237022 237023 237024 237025 237026 237027 237028 237029 237030
175 238011 238012 238013 238014 238015 238016 238017 238018 238019 238020
176 238021 238022 238023 238024 238025 238026 238027 238028 238029 238030
177 239011 239012 239013 239014 239015 239016 239017 239018 239019 239020
178 239021 239022 239023 239024 239025 239026 239027 239028 239029 239030
179 23a011 23a012 23a013 23a014 23a015 23a016 23a017 23a018 23a019 23a020
180 23a021 23a022 23a023 23a024 23a025 23a026 23a027 23a028 23a029 23a030
181 23b011 23b012 23b013 23b014 23b015 23b016 23b017 23b018 23b019 23b020
182 23b021 23b022 23b023 23b024 23b025 23b026 23b027 23b028 23b029 23b030
183 23c011 23c012 23c013 23c014 23c015 23c016 23c017 23c018 23c019 23c020
184 23c021 23c022 23c023 23c024 23c025 23c026 23c027 23c028 23c029 23c030
185 23d011 23d012 23d013 23d014 23d015 23d016 23d017 23d018 23d019 23d020
186 23d021 23d022 23d023 23d024 23d025 23d026 23d027 23d028 23d029 23d030
187 23e011 23e012 23e013 23e014 23e015 23e016 23e017 23e018 23e019 23e020
188 23e021 23e022 23e023 23e024 23e025 23e026 23e027 23e028 23e029 23e030
189 23f011 23f012 23f013 23f014 23f015 23f016 23f017 23f018 23f019 23f020
190 23f021 23f022 23f023 23f024 23f025 23f026 23f027 23f028 23f029 23f030
191 240011 240012 240013 240014 240015 240016 240017 240018 240019 240020
192 240021 240022 240023 240024 240025 240026 240027 240028 240029 240030
193 241011 241012 241013 241014 241015 241016 241017 241018 241019 241020
194 241021 241022 241023 241024 241025 241026 241027 241028 241029 241030
195 242011 242012 242013 242014 242015 242016 242017 242018 242019 242020
196 242021 242022 242023 242024 242025 242026 242027 242028 242029 242030
197 243011 243012 243013 243014 243015 243016 243017 243018 243019 243020
198 243021 243022 243023 243024 243025 243026 243027 243028 243029 243030
199 244011 244012 244013 244014 244015 244016 244017 244018 244019 244020
200 244021 244022 244023 244024 244025 244026 244027 244028 244029 244030
201 245011 245012 245013 245014 245015 245016 245017 245018 245019 245020
202 245021 245022 245023 245024 245025 245026 245027 245028 245029 245030
203 246011 246012 246013 246014 246015 246016 246017 246018 246019 246020
204 246021 246022 246023 246024 246025 246026 246027 246028 246029 246030
205 247011 247012 247013 247014 247015 247016 247017 247018 247019 247020
206 247021 247022 247023 247024 247025 247026 247027 247028 247029 247030
207 248011 248012 248013 248014 248015 248016 248017 248018 248019 248020
208 248021 248022 248023 248024 248025 248026 248027 248028 248029 248030
209 249011 249012 249013 249014 249015 249016 249017 249018 249019 249020
210 249021 249022 249023 249024 249025 249026 249027 249028 249029 249030
211 24a011 24a012 24a013 24a014 24a015 24a016 24a017 24a018 24a019 24a020
212 24a021 24a022 24a023 24a024 24a025 24a026 24a027 24a028 24a029 24a030
213 24b011 24b012 24b013 24b014 24b015 24b016 24b017 24b018 24b019 24b020
214 24b021 24b022 24b023 24b024 24b025 24b026 24b027 24b028 24b029 24b030
215 24c011 24c012 24c013 24c014 24c015 24c016 24c017 24c018 24c019 24c020
216 24c021 24c022 24c023 24c024 24c025 24c026 24c027 24c028 24c029 24c030
217 24d011 24d012 24d013 24d014 24d015 24d016 24d017 24d018 24d019 24d020
218 24d021 24d022 24d023 24d024 24d025 24d026 24d027 24d028 24d029 24d030
219 24e011 24e012 24e013 24e014 24e015 24e016 24e017 24e018 24e019 24e020
220 24e021 24e022 24e023 24e024 24e025 24e026 24e027 24e028 24e029 24e030
221 24f011 24f012 24f013 24f014 24f015 24f016 24f017 24f018 24f019 24f020
222 24f021 24f022 24f023 24f024 24f025 24f026 24f027 24f028 24f029 24f030
223 250011 250012 250013 250014 250015 250016 250017 250018 250019 250020
224 250021 250022 250023 250024 250025 250026 250027 250028 250029 250030
225 251011 251012 251013 251014 251015 251016 251017 251018 251019 251020
226 251021 251022 251023 251024 251025 251026 251027 251028 251029 251030
227 252011 252012 252013 252014 252015 252016 252017 252018 252019 252020
228 252021 252022 252023 252024 252025 252026 252027 252028 252029 252030
229 253011 253012 253013 253014 253015 253016 253017 253018 253019 253020
230 253021 253022 253023 253024 253025 253026 253027 253028 253029 253030
231 254011 254012 254013 254014 254015 254016 254017 254018 254019 254020
232 254021 254022 254023 254024 254025 254026 254027 254028 254029 254030
233 255011 255012 255013 255014 255015 255016 255017 255018 255019 255020
234 255021 255022 255023 255024 255025 255026 255027 255028 255029 255030
235 256011 256012 256013 256014 256015 256016 256017 256018 256019 256020
236 256021 256022 256023 256024 256025 256026 256027 256028 256029 256030
237 257011 257012 257013 257014 257015 257016 257017 257018 257019 257020
238 257021 257022 257023 257024 257025 257026 257027 257028 257029 257030
239 258011 258012 258013 258014 258015 258016 258017 258018 258019 258020
240 258021 258022 258023 258024 258025 258026 258027 258028 258029 258030
241 259011 259012 259013 259014 259015 259016 259017 259018 259019 259020
242 259021 259022 259023 259024 259025 259026 259027 259028 259029 259030
243 25a011 25a012 25a013 25a014 25a015 25a016 25a017 25a018 25a019 25a020
244 25a021 25a022 25a023 25a024 25a025 25a026 25a027 25a028 25a029 25a030
245 25b011 25b012 25b013 25b014 25b015 25b016 25b017 25b018 25b019 25b020
246 25b021 25b022 25b023 25b024 25b025 25b026 25b027 25b028 25b029 25b030
247 25c011 25c012 25c013 25c014 25c015 25c016 25c017 25c018 25c019 25c020
248 25c021 25c022 25c023 25c024 25c025 25c026 25c027 25c028 25c029 25c030
249 25d011 25d012 25d013 25d014 25d015 25d016 25d017 25d018 25d019 25d020
250 25d021 25d022 25d023 25d024 25d025 25d026 25d027 25d028 25d029 25d030
251 25e011 25e012 25e013 25e014 25e015 25e016 25e017 25e018 25e019 25e020
252 25e021 25e022 25e023 25e024 25e025 25e026 25e027 25e028 25e029 25e030
253 25f011 25f012 25f013 25f014 25f015 25f016 25f017 25f018 25f019 25f020
254 25f021 25f022 25f023 25f024 25f025 25f026 25f027 25f028 25f029 25f030
255 260011 260012 260013 260014 260015 260016 260017 260018 260019 260020
256 260021 260022 260023 260024 260025 260026 260027 260028 260029 260030
257 261011 261012 261013 261014 261015 261016 261017 261018 261019 261020
258 261021 261022 261023 261024 261025 261026 261027 261028 261029 261030
259 262011 262012 262013 262014 262015 262016 262017 262018 262019 262020
260 262021 262022 262023 262024 262025 262026 262027 262028 262029 262030
261 263011 263012 263013 263014 263015 263016 263017 263018 263019 263020
262 263021 263022 263023 263024 263025 263026 263027 263028 263029 263030
263 264011 264012 264013 264014 264015 264016 264017 264018 264019 264020
264 264021 264022 264023 264024 264025 264026 264027 264028 264029 264030
265 265011 265012 265013 265014 265015 265016 265017 265018 265019 265020
266 265021 265022 265023 265024 265025 265026 265027 265028 265029 265030
267 266011 266012 266013 266014 266015 266016 266017 266018 266019 266020
268 266021 266022 266023 266024 266025 266026 266027 266028 266029 266030
269 267011 267012 267013 267014 267015 267016 267017 267018 267019 267020
270 267021 267022 267023 267024 267025 267026 267027 267028 267029 267030
271 268011 268012 268013 268014 268015 268016 268017 268018 268019 268020
272 268021 268022 268023 268024 268025 268026 268027 268028 268029 268030
273 269011 269012 269013 269014 269015 269016 269017 269018 269019 269020
274 269021 269022 269023 269024 269025 269026 269027 269028 269029 269030
275 26a011 26a012 26a013 26a014 26a015 26a016 26a017 26a018 26a019 26a020
276 26a021 26a022 26a023 26a024 26a025 26a026 26a027 26a028 26a029 26a030
277 26b011 26b012 26b013 26b014 26b015 26b016 26b017 26b018 26b019 26b020
278 26b021 26b022 26b023 26b024 26b025 26b026 26b027 26b028 26b029 26b030
279 26c011 26c012 26c013 26c014 26c015 26c016 26c017 26c018 26c019 26c020
280 26c021 26c022 26c023 26c024 26c025 26c026 26c027 26c028 26c029 26c030
281 26d011 26d012 26d013 26d014 26d015 26d016 26d017 26d018 26d019 26d020
282 26d021 26d022 26d023 26d024 26d025 26d026 26d027 26d028 26d029 26d030
283 26e011 26e012 26e013 26e014 26e015 26e016 26e017 26e018 26e019 26e020
284 26e021 26e022 26e023 26e024 26e025 26e026 26e027 26e028 26e029 26e030
285 26f011 26f012 26f013 26f014 26f015 26f016 26f017 26f018 26f019 26f020
286 26f021 26f022 26f023 26f024 26f025 26f026 26f027 26f028 26f029 26f030
287 270011 270012 270013 270014 270015 270016 270017 270018 270019 270020
288 270021 270022 270023 270024 270025 270026 270027 270028 270029 270030
289 271011 271012 271013 271014 271015 271016 271017 271018 271019 271020
290 271021 271022 271023 271024 271025 271026 271027 271028 271029 271030
291 272011 272012 272013 272014 272015 272016 272017 272018 272019 272020
292 272021 272022 272023 272024 272025 272026 272027 272028 272029 272030
293 273011 273012 273013 273014 273015 273016 273017 273018 273019 273020
294 273021 273022 273023 273024 273025 273026 273027 273028 273029 273030
295 274011 274012 274013 274014 274015 274016 274017 274018 274019 274020
296 274021 274022 274023 274024 274025 274026 274027 274028 274029 274030
297 275011 275012 275013 275014 275015 275016 275017 275018 275019 275020
298 275021 275022 275023 275024 275025 275026 275027 275028 275029 275030
299 276011 276012 276013 276014 276015 276016 276017 276018 276019 276020
300 276021 276022 276023 276024 276025 276026 276027 276028 276029 276030
301 277011 277012 277013 277014 277015 277016 277017 277018 277019 277020
302 277021 277022 277023 277024 277025 277026 277027 277028 277029 277030
303 278011 278012 278013 278014 278015 278016 278017 278018 278019 278020
304 278021 278022 278023 278024 278025 278026 278027 278028 278029 278030
305 279011 279012 279013 279014 279015 279016 279017 279018 279019 279020
306 279021 279022 279023 279024 279025 279026 279027 279028 279029 279030
307 27a011 27a012 27a013 27a014 27a015 27a016 27a017 27a018 27a019 27a020
308 27a021 27a022 27a023 27a024 27a025 27a026 27a027 27a028 27a029 27a030
309 27b011 27b012 27b013 27b014 27b015 27b016 27b017 27b018 27b019 27b020
310 27b021 27b022 27b023 27b024 27b025 27b026 27b027 27b028 27b029 27b030
311 27c011 27c012 27c013 27c014 27c015 27c016 27c017 27c018 27c019 27c020
312 27c021 27c022 27c023 27c024 27c025 27c026 27c027 27c028 27c029 27c030
313 27d011 27d012 27d013 27d014 27d015 27d016 27d017 27d018 27d019 27d020
314 27d021 27d022 27d023 27d024 27d025 27d026 27d027 27d028 27d029 27d030
315 27e011 27e012 27e013 27e014 27e015 27e016 27e017 27e018 27e019 27e020
316 27e021 27e022 27e023 27e024 27e025 27e026 27e027 27e028 27e029 27e030
317 27f011 27f012 27f013 27f014 27f015 27f016 27f017 27f018 27f019 27f020
318 27f021 27f022 27f023 27f024 27f025 27f026 27f027 27f028 27f029 27f030
319 280011 280012 280013 280014 280015 280016 280017 280018 280019 280020
320 280021 280022 280023 280024 280025 280026 280027 280028 280029 280030
321 281011 281012 281013 281014 281015 281016 281017 281018 281019 281020
322 281021 281022 281023 281024 281025 281026 281027 281028 281029 281030
323 282011 282012 282013 282014 282015 282016 282017 282018 282019 282020
324 282021 282022 282023 282024 282025 282026 282027 282028 282029 282030
325 283011 283012 283013 283014 283015 283016 283017 283018 283019 283020
326 283021 283022 283023 283024 283025 283026 283027 283028 283029 283030
327 284011 284012 284013 284014 284015 284016 284017 284018 284019 284020
328 284021 284022 284023 284024 284025 284026 284027 284028 284029 284030
329 285011 285012 285013 285014 285015 285016 285017 285018 285019 285020
330 285021 285022 285023 285024 285025 285026 285027 285028 285029 285030
331 286011 286012 286013 286014 286015 286016 286017 286018 286019 286020
332 286021 286022 286023 286024 286025 286026 286027 286028 286029 286030
333 287011 287012 287013 287014 287015 287016 287017 287018 287019 287020
334 287021 287022 287023 287024 287025 287026 287027 287028 287029 287030
335 288011 288012 288013 288014 288015 288016 288017 288018 288019 288020
336 288021 288022 288023 288024 288025 288026 288027 288028 288029 288030
337 289011 289012 289013 289014 289015 289016 289017 289018 289019 289020
338 289021 289022 289023 289024 289025 289026 289027 289028 289029 289030
339 28a011 28a012 28a013 28a014 28a015 28a016 28a017 28a018 28a019 28a020
340 28a021 28a022 28a023 28a024 28a025 28a026 28a027 28a028 28a029 28a030
341 28b011 28b012 28b013 28b014 28b015 28b016 28b017 28b018 28b019 28b020
342 28b021 28b022 28b023 28b024 28b025 28b026 28b027 28b028 28b029 28b030
343 28c011 28c012 28c013 28c014 28c015 28c016 28c017 28c018 28c019 28c020
344 28c021 28c022 28c023 28c024 28c025 28c026 28c027 28c028 28c029 28c030
345 28d011 28d012 28d013 28d014 28d015 28d016 28d017 28d018 28d019 28d020
346 28d021 28d022 28d023 28d024 28d025 28d026 28d027 28d028 28d029 28d030
347 28e011 28e012 28e013 28e014 28e015 28e016 28e017 28e018 28e019 28e020
348 28e021 28e022 28e023 28e024 28e025 28e026 28e027 28e028 28e029 28e030
349 28f011 28f012 28f013 28f014 28f015 28f016 28f017 28f018 28f019 28f020
350 28f021 28f022 28f023 28f024 28f025 28f026 28f027 28f028 28f029 28f030
