1 601001 601002 601003 601004 601005 601006 601007 601008 601009 601010
2 602001 602002 602003 602004 602005 602006 602007 602008 602009 602010
3 603001 603002 603003 603004 603005 603006 603007 603008 603009 603010
4 604001 604002 604003 604004 604005 604006 604007 604008 604009 604010
5 605001 605002 605003 605004 605005 605006 605007 605008 605009 605010
6 606001 606002 606003 606004 606005 606006 606007 606008 606009 606010
7 607001 607002 607003 607004 607005 607006 607007 607008 607009 607010
8 608001 608002 608003 608004 608005 608006 608007 608008 608009 608010
9 609001 609002 609003 609004 609005 609006 609007 609008 609009 609010
10 610001 610002 610003 610004 610005 610006 610007 610008 610009 610010
11 611001 611002 611003 611004 611005 611006 611007 611008 611009 611010
12 612001 612002 612003 612004 612005 612006 612007 612008 612009 612010
13 613001 613002 613003 613004 613005 613006 613007 613008 613009 613010
14 614001 614002 614003 614004 614005 614006 614007 614008 614009 614010
15 615001 615002 615003 615004 615005 615006 615007 615008 615009 615010
16 616001 616002 616003 616004 616005 616006 616007 616008 616009 616010
17 617001 617002 617003 617004 617005 617006 617007 617008 617009 617010
18 618001 618002 618003 618004 618005 618006 618007 618008 618009 618010
19 619001 619002 619003 619004 619005 619006 619007 619008 619009 619010
20 620001 620002 620003 620004 620005 620006 620007 620008 620009 620010
21 621001 621002 621003 621004 621005 621006 621007 621008 621009 621010
22 622001 622002 622003 622004 622005 622006 622007 622008 622009 622010
23 623001 623002 623003 623004 623005 623006 623007 623008 623009 623010
24 624001 624002 624003 624004 624005 624006 624007 624008 624009 624010
25 625001 625002 625003 625004 625005 625006 625007 625008 625009 625010
26 626001 626002 626003 626004 626005 626006 626007 626008 626009 626010
27 627001 627002 627003 627004 627005 627006 627007 627008 627009 627010
28 628001 628002 628003 628004 628005 628006 628007 628008 628009 628010
29 629001 629002 629003 629004 629005 629006 629007 629008 629009 629010
30 630001 630002 630003 630004 630005 630006 630007 630008 630009 630010
31 631001 631002 631003 631004 631005 631006 631007 631008 631009 631010
32 632001 632002 632003 632004 632005 632006 632007 632008 632009 632010
33 633001 633002 633003 633004 633005 633006 633007 633008 633009 633010
34 634001 634002 634003 634004 634005 634006 634007 634008 634009 634010
35 635001 635002 635003 635004 635005 635006 635007 635008 635009 635010
36 636001 636002 636003 636004 636005 636006 636007 636008 636009 636010
37 637001 637002 637003 637004 637005 637006 637007 637008 637009 637010
38 638001 638002 638003 638004 638005 638006 638007 638008 638009 638010
39 639001 639002 639003 639004 639005 639006 639007 639008 639009 639010
40 640001 640002 640003 640004 640005 640006 640007 640008 640009 640010
41 641001 641002 641003 641004 641005 641006 641007 641008 641009 641010
42 642001 642002 642003 642004 642005 642006 642007 642008 642009 642010
43 643001 643002 643003 643004 643005 643006 643007 643008 643009 643010
44 644001 644002 644003 644004 644005 644006 644007 644008 644009 644010
45 645001 645002 645003 645004 645005 645006 645007 645008 645009 645010
46 646001 646002 646003 646004 646005 646006 646007 646008 646009 646010
47 647001 647002 647003 647004 647005 647006 647007 647008 647009 647010
48 648001 648002 648003 648004 648005 648006 648007 648008 648009 648010
49 649001 649002 649003 649004 649005 649006 649007 649008 649009 649010
50 650001 650002 650003 650004 650005 650006 650007 650008 650009 650010
51 651001 651002 651003 651004 651005 651006 651007 651008 651009 651010
52 652001 652002 652003 652004 652005 652006 652007 652008 652009 652010
53 653001 653002 653003 653004 653005 653006 653007 653008 653009 653010
54 654001 654002 654003 654004 654005 654006 654007 654008 654009 654010
55 655001 655002 655003 655004 655005 655006 655007 655008 655009 655010
56 656001 656002 656003 656004 656005 656006 656007 656008 656009 656010
57 657001 657002 657003 657004 657005 657006 657007 657008 657009 657010
58 658001 658002 658003 658004 658005 658006 658007 658008 658009 658010
59 659001 659002 659003 659004 659005 659006 659007 659008 659009 659010
60 660001 660002 660003 660004 660005 660006 660007 660008 660009 660010
61 661001 661002 661003 661004 661005 661006 661007 661008 661009 661010
62 662001 662002 662003 662004 662005 662006 662007 662008 662009 662010
63 663001 663002 663003 663004 663005 663006 663007 663008 663009 663010
64 664001 664002 664003 664004 664005 664006 664007 664008 664009 664010
65 601011 601012 601013 601014 601015 601016 601017 601018 601019 601020
66 601021 601022 601023 601024 601025 601026 601027 601028 601029 601030
67 602011 602012 602013 602014 602015 602016 602017 602018 602019 602020
68 602021 602022 602023 602024 602025 602026 602027 602028 602029 602030
69 603011 603012 603013 603014 603015 603016 603017 603018 603019 603020
70 603021 603022 603023 603024 603025 603026 603027 603028 603029 603030
71 604011 604012 604013 604014 604015 604016 604017 604018 604019 604020
72 604021 604022 604023 604024 604025 604026 604027 604028 604029 604030
73 605011 605012 605013 605014 605015 605016 605017 605018 605019 605020
74 605021 605022 605023 605024 605025 605026 605027 605028 605029 605030
75 606011 606012 606013 606014 606015 606016 606017 606018 606019 606020
76 606021 606022 606023 606024 606025 606026 606027 606028 606029 606030
77 607011 607012 607013 607014 607015 607016 607017 607018 607019 607020
78 607021 607022 607023 607024 607025 607026 607027 607028 607029 607030
79 608011 608012 608013 608014 608015 608016 608017 608018 608019 608020
80 608021 608022 608023 608024 608025 608026 608027 608028 608029 608030
81 609011 609012 609013 609014 609015 609016 609017 609018 609019 609020
82 609021 609022 609023 609024 609025 609026 609027 609028 609029 609030
83 60a011 60a012 60a013 60a014 60a015 60a016 60a017 60a018 60a019 60a020
84 60a021 60a022 60a023 60a024 60a025 60a026 60a027 60a028 60a029 60a030
85 60b011 60b012 60b013 60b014 60b015 60b016 60b017 60b018 60b019 60b020
86 60b021 60b022 60b023 60b024 60b025 60b026 60b027 60b028 60b029 60b030
87 60c011 60c012 60c013 60c014 60c015 60c016 60c017 60c018 60c019 60c020
88 60c021 60c022 60c023 60c024 60c025 60c026 60c027 60c028 60c029 60c030
89 60d011 60d012 60d013 60d014 60d015 60d016 60d017 60d018 60d019 60d020
90 60d021 60d022 60d023 60d024 60d025 60d026 60d027 60d028 60d029 60d030
91 60e011 60e012 60e013 60e014 60e015 60e016 60e017 60e018 60e019 60e020
92 60e021 60e022 60e023 60e024 60e025 60e026 60e027 60e028 60e029 60e030
93 60f011 60f012 60f013 60f014 60f015 60f016 60f017 60f018 60f019 60f020
94 60f021 60f022 60f023 60f024 60f025 60f026 60f027 60f028 60f029 60f030
95 610011 610012 610013 610014 610015 610016 610017 610018 610019 610020
96 610021 610022 610023 610024 610025 610026 610027 610028 610029 610030
97 611011 611012 611013 611014 611015 611016 611017 611018 611019 611020
98 611021 611022 611023 611024 611025 611026 611027 611028 611029 611030
99 612011 612012 612013 612014 612015 612016 612017 612018 612019 612020
100 612021 612022 612023 612024 612025 612026 612027 612028 612029 612030
101 613011 613012 613013 613014 613015 613016 613017 613018 613019 613020
102 613021 613022 613023 613024 613025 613026 613027 613028 613029 613030
103 614011 614012 614013 614014 614015 614016 614017 614018 614019 614020
104 614021 614022 614023 614024 614025 614026 614027 614028 614029 614030
105 615011 615012 615013 615014 615015 615016 615017 615018 615019 615020
106 615021 615022 615023 615024 615025 615026 615027 615028 615029 615030
107 616011 616012 616013 616014 616015 616016 616017 616018 616019 616020
108 616021 616022 616023 616024 616025 616026 616027 616028 616029 616030
109 617011 617012 617013 617014 617015 617016 617017 617018 617019 617020
110 617021 617022 617023 617024 617025 617026 617027 617028 617029 617030
111 618011 618012 618013 618014 618015 618016 618017 618018 618019 618020
112 618021 618022 618023 618024 618025 618026 618027 618028 618029 618030
113 619011 619012 619013 619014 619015 619016 619017 619018 619019 619020
114 619021 619022 619023 619024 619025 619026 619027 619028 619029 619030
115 61a011 61a012 61a013 61a014 61a015 61a016 61a017 61a018 61a019 61a020
116 61a021 61a022 61a023 61a024 61a025 61a026 61a027 61a028 61a029 61a030
117 61b011 61b012 61b013 61b014 61b015 61b016 61b017 61b018 61b019 61b020
118 61b021 61b022 61b023 61b024 61b025 61b026 61b027 61b028 61b029 61b030
119 61c011 61c012 61c013 61c014 61c015 61c016 61c017 61c018 61c019 61c020
120 61c021 61c022 61c023 61c024 61c025 61c026 61c027 61c028 61c029 61c030
121 61d011 61d012 61d013 61d014 61d015 61d016 61d017 61d018 61d019 61d020
122 61d021 61d022 61d023 61d024 61d025 61d026 61d027 61d028 61d029 61d030
123 61e011 61e012 61e013 61e014 61e015 61e016 61e017 61e018 61e019 61e020
124 61e021 61e022 61e023 61e024 61e025 61e026 61e027 61e028 61e029 61e030
125 61f011 61f012 61f013 61f014 61f015 61f016 61f017 61f018 61f019 61f020
126 61f021 61f022 61f023 61f024 61f025 61f026 61f027 61f028 61f029 61f030
127 620011 620012 620013 620014 620015 620016 620017 620018 620019 620020
128 620021 620022 620023 620024 620025 620026 620027 620028 620029 620030
129 621011 621012 621013 621014 621015 621016 621017 621018 621019 621020
130 621021 621022 621023 621024 621025 621026 621027 621028 621029 621030
131 622011 622012 622013 622014 622015 622016 622017 622018 622019 622020
132 622021 622022 622023 622024 622025 622026 622027 622028 622029 622030
133 623011 623012 623013 623014 623015 623016 623017 623018 623019 623020
134 623021 623022 623023 623024 623025 623026 623027 623028 623029 623030
135 624011 624012 624013 624014 624015 624016 624017 624018 624019 624020
136 624021 624022 624023 624024 624025 624026 624027 624028 624029 624030
137 625011 625012 625013 625014 625015 625016 625017 625018 625019 625020
138 625021 625022 625023 625024 625025 625026 625027 625028 625029 625030
139 626011 626012 626013 626014 626015 626016 626017 626018 626019 626020
140 626021 626022 626023 626024 626025 626026 626027 626028 626029 626030
141 627011 627012 627013 627014 627015 627016 627017 627018 627019 627020
142 627021 627022 627023 627024 627025 627026 627027 627028 627029 627030
143 628011 628012 628013 628014 628015 628016 628017 628018 628019 628020
144 628021 628022 628023 628024 628025 628026 628027 628028 628029 628030
145 629011 629012 629013 629014 629015 629016 629017 629018 629019 629020
146 629021 629022 629023 629024 629025 629026 629027 629028 629029 629030
147 62a011 62a012 62a013 62a014 62a015 62a016 62a017 62a018 62a019 62a020
148 62a021 62a022 62a023 62a024 62a025 62a026 62a027 62a028 62a029 62a030
149 62b011 62b012 62b013 62b014 62b015 62b016 62b017 62b018 62b019 62b020
150 62b021 62b022 62b023 62b024 62b025 62b026 62b027 62b028 62b029 62b030
151 62c011 62c012 62c013 62c014 62c015 62c016 62c017 62c018 62c019 62c020
152 62c021 62c022 62c023 62c024 62c025 62c026 62c027 62c028 62c029 62c030
153 62d011 62d012 62d013 62d014 62d015 62d016 62d017 62d018 62d019 62d020
154 62d021 62d022 62d023 62d024 62d025 62d026 62d027 62d028 62d029 62d030
155 62e011 62e012 62e013 62e014 62e015 62e016 62e017 62e018 62e019 62e020
156 62e021 62e022 62e023 62e024 62e025 62e026 62e027 62e028 62e029 62e030
157 62f011 62f012 62f013 62f014 62f015 62f016 62f017 62f018 62f019 62f020
158 62f021 62f022 62f023 62f024 62f025 62f026 62f027 62f028 62f029 62f030
159 630011 630012 630013 630014 630015 630016 630017 630018 630019 630020
160 630021 630022 630023 630024 630025 630026 630027 630028 630029 630030
161 631011 631012 631013 631014 631015 631016 631017 631018 631019 631020
162 631021 631022 631023 631024 631025 631026 631027 631028 631029 631030
163 632011 632012 632013 632014 632015 632016 632017 632018 632019 632020
164 632021 632022 632023 632024 632025 632026 632027 632028 632029 632030
165 633011 633012 633013 633014 633015 633016 633017 633018 633019 633020
166 633021 633022 633023 633024 633025 633026 633027 633028 633029 633030
167 634011 634012 634013 634014 634015 634016 634017 634018 634019 634020
168 634021 634022 634023 634024 634025 634026 634027 634028 634029 634030
169 635011 635012 635013 635014 635015 635016 635017 635018 635019 635020
170 635021 635022 635023 635024 635025 635026 635027 635028 635029 635030
171 636011 636012 636013 636014 636015 636016 636017 636018 636019 636020
172 636021 636022 636023 636024 636025 636026 636027 636028 636029 636030
173 637011 637012 637013 637014 637015 637016 637017 637018 637019 637020
174 637021 637022 637023 637024 637025 637026 637027 637028 637029 637030
175 638011 638012 638013 638014 638015 638016 638017 638018 638019 638020
176 638021 638022 638023 638024 638025 638026 638027 638028 638029 638030
177 639011 639012 639013 639014 639015 639016 639017 639018 639019 639020
178 639021 639022 639023 639024 639025 639026 639027 639028 639029 639030
179 63a011 63a012 63a013 63a014 63a015 63a016 63a017 63a018 63a019 63a020
180 63a021 63a022 63a023 63a024 63a025 63a026 63a027 63a028 63a029 63a030
181 63b011 63b012 63b013 63b014 63b015 63b016 63b017 63b018 63b019 63b020
182 63b021 63b022 63b023 63b024 63b025 63b026 63b027 63b028 63b029 63b030
183 63c011 63c012 63c013 63c014 63c015 63c016 63c017 63c018 63c019 63c020
184 63c021 63c022 63c023 63c024 63c025 63c026 63c027 63c028 63c029 63c030
185 63d011 63d012 63d013 63d014 63d015 63d016 63d017 63d018 63d019 63d020
186 63d021 63d022 63d023 63d024 63d025 63d026 63d027 63d028 63d029 63d030
187 63e011 63e012 63e013 63e014 63e015 63e016 63e017 63e018 63e019 63e020
188 63e021 63e022 63e023 63e024 63e025 63e026 63e027 63e028 63e029 63e030
189 63f011 63f012 63f013 63f014 63f015 63f016 63f017 63f018 63f019 63f020
190 63f021 63f022 63f023 63f024 63f025 63f026 63f027 63f028 63f029 63f030
191 640011 640012 640013 640014 640015 640016 640017 640018 640019 640020
192 640021 640022 640023 640024 640025 640026 640027 640028 640029 640030
193 641011 641012 641013 641014 641015 641016 641017 641018 641019 641020
194 641021 641022 641023 641024 641025 641026 641027 641028 641029 641030
195 642011 642012 642013 642014 642015 642016 642017 642018 642019 642020
196 642021 642022 642023 642024 642025 642026 642027 642028 642029 642030
197 643011 643012 643013 643014 643015 643016 643017 643018 643019 643020
198 643021 643022 643023 643024 643025 643026 643027 643028 643029 643030
199 644011 644012 644013 644014 644015 644016 644017 644018 644019 644020
200 644021 644022 644023 644024 644025 644026 644027 644028 644029 644030
201 645011 645012 645013 645014 645015 645016 645017 645018 645019 645020
202 645021 645022 645023 645024 645025 645026 645027 645028 645029 645030
203 646011 646012 646013 646014 646015 646016 646017 646018 646019 646020
204 646021 646022 646023 646024 646025 646026 646027 646028 646029 646030
205 647011 647012 647013 647014 647015 647016 647017 647018 647019 647020
206 647021 647022 647023 647024 647025 647026 647027 647028 647029 647030
207 648011 648012 648013 648014 648015 648016 648017 648018 648019 648020
208 648021 648022 648023 648024 648025 648026 648027 648028 648029 648030
209 649011 649012 649013 649014 649015 649016 649017 649018 649019 649020
210 649021 649022 649023 649024 649025 649026 649027 649028 649029 649030
211 64a011 64a012 64a013 64a014 64a015 64a016 64a017 64a018 64a019 64a020
212 64a021 64a022 64a023 64a024 64a025 64a026 64a027 64a028 64a029 64a030
213 64b011 64b012 64b013 64b014 64b015 64b016 64b017 64b018 64b019 64b020
214 64b021 64b022 64b023 64b024 64b025 64b026 64b027 64b028 64b029 64b030
215 64c011 64c012 64c013 64c014 64c015 64c016 64c017 64c018 64c019 64c020
216 64c021 64c022 64c023 64c024 64c025 64c026 64c027 64c028 64c029 64c030
217 64d011 64d012 64d013 64d014 64d015 64d016 64d017 64d018 64d019 64d020
218 64d021 64d022 64d023 64d024 64d025 64d026 64d027 64d028 64d029 64d030
219 64e011 64e012 64e013 64e014 64e015 64e016 64e017 64e018 64e019 64e020
220 64e021 64e022 64e023 64e024 64e025 64e026 64e027 64e028 64e029 64e030
221 64f011 64f012 64f013 64f014 64f015 64f016 64f017 64f018 64f019 64f020
222 64f021 64f022 64f023 64f024 64f025 64f026 64f027 64f028 64f029 64f030
223 650011 650012 650013 650014 650015 650016 650017 650018 650019 650020
224 650021 650022 650023 650024 650025 650026 650027 650028 650029 650030
225 651011 651012 651013 651014 651015 651016 651017 651018 651019 651020
226 651021 651022 651023 651024 651025 651026 651027 651028 651029 651030
227 652011 652012 652013 652014 652015 652016 652017 652018 652019 652020
228 652021 652022 652023 652024 652025 652026 652027 652028 652029 652030
229 653011 653012 653013 653014 653015 653016 653017 653018 653019 653020
230 653021 653022 653023 653024 653025 653026 653027 653028 653029 653030
231 654011 654012 654013 654014 654015 654016 654017 654018 654019 654020
232 654021 654022 654023 654024 654025 654026 654027 654028 654029 654030
233 655011 655012 655013 655014 655015 655016 655017 655018 655019 655020
234 655021 655022 655023 655024 655025 655026 655027 655028 655029 655030
235 656011 656012 656013 656014 656015 656016 656017 656018 656019 656020
236 656021 656022 656023 656024 656025 656026 656027 656028 656029 656030
237 657011 657012 657013 657014 657015 657016 657017 657018 657019 657020
238 657021 657022 657023 657024 657025 657026 657027 657028 657029 657030
239 658011 658012 658013 658014 658015 658016 658017 658018 658019 658020
240 658021 658022 658023 658024 658025 658026 658027 658028 658029 658030
241 659011 659012 659013 659014 659015 659016 659017 659018 659019 659020
242 659021 659022 659023 659024 659025 659026 659027 659028 659029 659030
243 65a011 65a012 65a013 65a014 65a015 65a016 65a017 65a018 65a019 65a020
244 65a021 65a022 65a023 65a024 65a025 65a026 65a027 65a028 65a029 65a030
245 65b011 65b012 65b013 65b014 65b015 65b016 65b017 65b018 65b019 65b020
246 65b021 65b022 65b023 65b024 65b025 65b026 65b027 65b028 65b029 65b030
247 65c011 65c012 65c013 65c014 65c015 65c016 65c017 65c018 65c019 65c020
248 65c021 65c022 65c023 65c024 65c025 65c026 65c027 65c028 65c029 65c030
249 65d011 65d012 65d013 65d014 65d015 65d016 65d017 65d018 65d019 65d020
250 65d021 65d022 65d023 65d024 65d025 65d026 65d027 65d028 65d029 65d030
251 65e011 65e012 65e013 65e014 65e015 65e016 65e017 65e018 65e019 65e020
252 65e021 65e022 65e023 65e024 65e025 65e026 65e027 65e028 65e029 65e030
253 65f011 65f012 65f013 65f014 65f015 65f016 65f017 65f018 65f019 65f020
254 65f021 65f022 65f023 65f024 65f025 65f026 65f027 65f028 65f029 65f030
255 660011 660012 660013 660014 660015 660016 660017 660018 660019 660020
256 660021 660022 660023 660024 660025 660026 660027 660028 660029 660030
257 661011 661012 661013 661014 661015 661016 661017 661018 661019 661020
258 661021 661022 661023 661024 661025 661026 661027 661028 661029 661030
259 662011 662012 662013 662014 662015 662016 662017 662018 662019 662020
260 662021 662022 662023 662024 662025 662026 662027 662028 662029 662030
261 663011 663012 663013 663014 663015 663016 663017 663018 663019 663020
262 663021 663022 663023 663024 663025 663026 663027 663028 663029 663030
263 664011 664012 664013 664014 664015 664016 664017 664018 664019 664020
264 664021 664022 664023 664024 664025 664026 664027 664028 664029 664030
265 665011 665012 665013 665014 665015 665016 665017 665018 665019 665020
266 665021 665022 665023 665024 665025 665026 665027 665028 665029 665030
267 666011 666012 666013 666014 666015 666016 666017 666018 666019 666020
268 666021 666022 666023 666024 666025 666026 666027 666028 666029 666030
269 667011 667012 667013 667014 667015 667016 667017 667018 667019 667020
270 667021 667022 667023 667024 667025 667026 667027 667028 667029 667030
271 668011 668012 668013 668014 668015 668016 668017 668018 668019 668020
272 668021 668022 668023 668024 668025 668026 668027 668028 668029 668030
273 669011 669012 669013 669014 669015 669016 669017 669018 669019 669020
274 669021 669022 669023 669024 669025 669026 669027 669028 669029 669030
275 66a011 66a012 66a013 66a014 66a015 66a016 66a017 66a018 66a019 66a020
276 66a021 66a022 66a023 66a024 66a025 66a026 66a027 66a028 66a029 66a030
277 66b011 66b012 66b013 66b014 66b015 66b016 66b017 66b018 66b019 66b020
278 66b021 66b022 66b023 66b024 66b025 66b026 66b027 66b028 66b029 66b030
279 66c011 66c012 66c013 66c014 66c015 66c016 66c017 66c018 66c019 66c020
280 66c021 66c022 66c023 66c024 66c025 66c026 66c027 66c028 66c029 66c030
281 66d011 66d012 66d013 66d014 66d015 66d016 66d017 66d018 66d019 66d020
282 66d021 66d022 66d023 66d024 66d025 66d026 66d027 66d028 66d029 66d030
283 66e011 66e012 66e013 66e014 66e015 66e016 66e017 66e018 66e019 66e020
284 66e021 66e022 66e023 66e024 66e025 66e026 66e027 66e028 66e029 66e030
285 66f011 66f012 66f013 66f014 66f015 66f016 66f017 66f018 66f019 66f020
286 66f021 66f022 66f023 66f024 66f025 66f026 66f027 66f028 66f029 66f030
287 670011 670012 670013 670014 670015 670016 670017 670018 670019 670020
288 670021 670022 670023 670024 670025 670026 670027 670028 670029 670030
289 671011 671012 671013 671014 671015 671016 671017 671018 671019 671020
290 671021 671022 671023 671024 671025 671026 671027 671028 671029 671030
291 672011 672012 672013 672014 672015 672016 672017 672018 672019 672020
292 672021 672022 672023 672024 672025 672026 672027 672028 672029 672030
293 673011 673012 673013 673014 673015 673016 673017 673018 673019 673020
294 673021 673022 673023 673024 673025 673026 673027 673028 673029 673030
295 674011 674012 674013 674014 674015 674016 674017 674018 674019 674020
296 674021 674022 674023 674024 674025 674026 674027 674028 674029 674030
297 675011 675012 675013 675014 675015 675016 675017 675018 675019 675020
298 675021 675022 675023 675024 675025 675026 675027 675028 675029 675030
299 676011 676012 676013 676014 676015 676016 676017 676018 676019 676020
300 676021 676022 676023 676024 676025 676026 676027 676028 676029 676030
301 677011 677012 677013 677014 677015 677016 677017 677018 677019 677020
302 677021 677022 677023 677024 677025 677026 677027 677028 677029 677030
303 678011 678012 678013 678014 678015 678016 678017 678018 678019 678020
304 678021 678022 678023 678024 678025 678026 678027 678028 678029 678030
305 679011 679012 679013 679014 679015 679016 679017 679018 679019 679020
306 679021 679022 679023 679024 679025 679026 679027 679028 679029 679030
307 67a011 67a012 67a013 67a014 67a015 67a016 67a017 67a018 67a019 67a020
308 67a021 67a022 67a023 67a024 67a025 67a026 67a027 67a028 67a029 67a030
309 67b011 67b012 67b013 67b014 67b015 67b016 67b017 67b018 67b019 67b020
310 67b021 67b022 67b023 67b024 67b025 67b026 67b027 67b028 67b029 67b030
311 67c011 67c012 67c013 67c014 67c015 67c016 67c017 67c018 67c019 67c020
312 67c021 67c022 67c023 67c024 67c025 67c026 67c027 67c028 67c029 67c030
313 67d011 67d012 67d013 67d014 67d015 67d016 67d017 67d018 67d019 67d020
314 67d021 67d022 67d023 67d024 67d025 67d026 67d027 67d028 67d029 67d030
315 67e011 67e012 67e013 67e014 67e015 67e016 67e017 67e018 67e019 67e020
316 67e021 67e022 67e023 67e024 67e025 67e026 67e027 67e028 67e029 67e030
317 67f011 67f012 67f013 67f014 67f015 67f016 67f017 67f018 67f019 67f020
318 67f021 67f022 67f023 67f024 67f025 67f026 67f027 67f028 67f029 67f030
319 680011 680012 680013 680014 680015 680016 680017 680018 680019 680020
320 680021 680022 680023 680024 680025 680026 680027 680028 680029 680030
321 681011 681012 681013 681014 681015 681016 681017 681018 681019 681020
322 681021 681022 681023 681024 681025 681026 681027 681028 681029 681030
323 682011 682012 682013 682014 682015 682016 682017 682018 682019 682020
324 682021 682022 682023 682024 682025 682026 682027 682028 682029 682030
325 683011 683012 683013 683014 683015 683016 683017 683018 683019 683020
326 683021 683022 683023 683024 683025 683026 683027 683028 683029 683030
327 684011 684012 684013 684014 684015 684016 684017 684018 684019 684020
328 684021 684022 684023 684024 684025 684026 684027 684028 684029 684030
329 685011 685012 685013 685014 685015 685016 685017 685018 685019 685020
330 685021 685022 685023 685024 685025 685026 685027 685028 685029 685030
331 686011 686012 686013 686014 686015 686016 686017 686018 686019 686020
332 686021 686022 686023 686024 686025 686026 686027 686028 686029 686030
333 687011 687012 687013 687014 687015 687016 687017 687018 687019 687020
334 687021 687022 687023 687024 687025 687026 687027 687028 687029 687030
335 688011 688012 688013 688014 688015 688016 688017 688018 688019 688020
336 688021 688022 688023 688024 688025 688026 688027 688028 688029 688030
337 689011 689012 689013 689014 689015 689016 689017 689018 689019 689020
338 689021 689022 689023 689024 689025 689026 689027 689028 689029 689030
339 68a011 68a012 68a013 68a014 68a015 68a016 68a017 68a018 68a019 68a020
340 68a021 68a022 68a023 68a024 68a025 68a026 68a027 68a028 68a029 68a030
341 68b011 68b012 68b013 68b014 68b015 68b016 68b017 68b018 68b019 68b020
342 68b021 68b022 68b023 68b024 68b025 68b026 68b027 68b028 68b029 68b030
343 68c011 68c012 68c013 68c014 68c015 68c016 68c017 68c018 68c019 68c020
344 68c021 68c022 68c023 68c024 68c025 68c026 68c027 68c028 68c029 68c030
345 68d011 68d012 68d013 68d014 68d015 68d016 68d017 68d018 68d019 68d020
346 68d021 68d022 68d023 68d024 68d025 68d026 68d027 68d028 68d029 68d030
347 68e011 68e012 68e013 68e014 68e015 68e016 68e017 68e018 68e019 68e020
348 68e021 68e022 68e023 68e024 68e025 68e026 68e027 68e028 68e029 68e030
349 68f011 68f012 68f013 68f014 68f015 68f016 68f017 68f018 68f019 68f020
350 68f021 68f022 68f023 68f024 68f025 68f026 68f027 68f028 68f029 68f030
