1 301001 301002 301003 301004 301005 301006 301007 301008 301009 301010
2 302001 302002 302003 302004 302005 302006 302007 302008 302009 302010
3 303001 303002 303003 303004 303005 303006 303007 303008 303009 303010
4 304001 304002 304003 304004 304005 304006 304007 304008 304009 304010
5 305001 305002 305003 305004 305005 305006 305007 305008 305009 305010
6 306001 306002 306003 306004 306005 306006 306007 306008 306009 306010
7 307001 307002 307003 307004 307005 307006 307007 307008 307009 307010
8 308001 308002 308003 308004 308005 308006 308007 308008 308009 308010
9 309001 309002 309003 309004 309005 309006 309007 309008 309009 309010
10 310001 310002 310003 310004 310005 310006 310007 310008 310009 310010
11 311001 311002 311003 311004 311005 311006 311007 311008 311009 311010
12 312001 312002 312003 312004 312005 312006 312007 312008 312009 312010
13 313001 313002 313003 313004 313005 313006 313007 313008 313009 313010
14 314001 314002 314003 314004 314005 314006 314007 314008 314009 314010
15 315001 315002 315003 315004 315005 315006 315007 315008 315009 315010
16 316001 316002 316003 316004 316005 316006 316007 316008 316009 316010
17 317001 317002 317003 317004 317005 317006 317007 317008 317009 317010
18 318001 318002 318003 318004 318005 318006 318007 318008 318009 318010
19 319001 319002 319003 319004 319005 319006 319007 319008 319009 319010
20 320001 320002 320003 320004 320005 320006 320007 320008 320009 320010
21 321001 321002 321003 321004 321005 321006 321007 321008 321009 321010
22 322001 322002 322003 322004 322005 322006 322007 322008 322009 322010
23 323001 323002 323003 323004 323005 323006 323007 323008 323009 323010
24 324001 324002 324003 324004 324005 324006 324007 324008 324009 324010
25 325001 325002 325003 325004 325005 325006 325007 325008 325009 325010
26 326001 326002 326003 326004 326005 326006 326007 326008 326009 326010
27 327001 327002 327003 327004 327005 327006 327007 327008 327009 327010
28 328001 328002 328003 328004 328005 328006 328007 328008 328009 328010
29 329001 329002 329003 329004 329005 329006 329007 329008 329009 329010
30 330001 330002 330003 330004 330005 330006 330007 330008 330009 330010
31 331001 331002 331003 331004 331005 331006 331007 331008 331009 331010
32 332001 332002 332003 332004 332005 332006 332007 332008 332009 332010
33 333001 333002 333003 333004 333005 333006 333007 333008 333009 333010
34 334001 334002 334003 334004 334005 334006 334007 334008 334009 334010
35 335001 335002 335003 335004 335005 335006 335007 335008 335009 335010
36 336001 336002 336003 336004 336005 336006 336007 336008 336009 336010
37 337001 337002 337003 337004 337005 337006 337007 337008 337009 337010
38 338001 338002 338003 338004 338005 338006 338007 338008 338009 338010
39 339001 339002 339003 339004 339005 339006 339007 339008 339009 339010
40 340001 340002 340003 340004 340005 340006 340007 340008 340009 340010
41 341001 341002 341003 341004 341005 341006 341007 341008 341009 341010
42 342001 342002 342003 342004 342005 342006 342007 342008 342009 342010
43 343001 343002 343003 343004 343005 343006 343007 343008 343009 343010
44 344001 344002 344003 344004 344005 344006 344007 344008 344009 344010
45 345001 345002 345003 345004 345005 345006 345007 345008 345009 345010
46 346001 346002 346003 346004 346005 346006 346007 346008 346009 346010
47 347001 347002 347003 347004 347005 347006 347007 347008 347009 347010
48 348001 348002 348003 348004 348005 348006 348007 348008 348009 348010
49 349001 349002 349003 349004 349005 349006 349007 349008 349009 349010
50 350001 350002 350003 350004 350005 350006 350007 350008 350009 350010
51 351001 351002 351003 351004 351005 351006 351007 351008 351009 351010
52 352001 352002 352003 352004 352005 352006 352007 352008 352009 352010
53 353001 353002 353003 353004 353005 353006 353007 353008 353009 353010
54 354001 354002 354003 354004 354005 354006 354007 354008 354009 354010
55 355001 355002 355003 355004 355005 355006 355007 355008 355009 355010
56 356001 356002 356003 356004 356005 356006 356007 356008 356009 356010
57 357001 357002 357003 357004 357005 357006 357007 357008 357009 357010
58 358001 358002 358003 358004 358005 358006 358007 358008 358009 358010
59 359001 359002 359003 359004 359005 359006 359007 359008 359009 359010
60 360001 360002 360003 360004 360005 360006 360007 360008 360009 360010
61 361001 361002 361003 361004 361005 361006 361007 361008 361009 361010
62 362001 362002 362003 362004 362005 362006 362007 362008 362009 362010
63 363001 363002 363003 363004 363005 363006 363007 363008 363009 363010
64 364001 364002 364003 364004 364005 364006 364007 364008 364009 364010
65 301011 301012 301013 301014 301015 301016 301017 301018 301019 301020
66 301021 301022 301023 301024 301025 301026 301027 301028 301029 301030
67 302011 302012 302013 302014 302015 302016 302017 302018 302019 302020
68 302021 302022 302023 302024 302025 302026 302027 302028 302029 302030
69 303011 303012 303013 303014 303015 303016 303017 303018 303019 303020
70 303021 303022 303023 303024 303025 303026 303027 303028 303029 303030
71 304011 304012 304013 304014 304015 304016 304017 304018 304019 304020
72 304021 304022 304023 304024 304025 304026 304027 304028 304029 304030
73 305011 305012 305013 305014 305015 305016 305017 305018 305019 305020
74 305021 305022 305023 305024 305025 305026 305027 305028 305029 305030
75 306011 306012 306013 306014 306015 306016 306017 306018 306019 306020
76 306021 306022 306023 306024 306025 306026 306027 306028 306029 306030
77 307011 307012 307013 307014 307015 307016 307017 307018 307019 307020
78 307021 307022 307023 307024 307025 307026 307027 307028 307029 307030
79 308011 308012 308013 308014 308015 308016 308017 308018 308019 308020
80 308021 308022 308023 308024 308025 308026 308027 308028 308029 308030
81 309011 309012 309013 309014 309015 309016 309017 309018 309019 309020
82 309021 309022 309023 309024 309025 309026 309027 309028 309029 309030
83 30a011 30a012 30a013 30a014 30a015 30a016 30a017 30a018 30a019 30a020
84 30a021 30a022 30a023 30a024 30a025 30a026 30a027 30a028 30a029 30a030
85 30b011 30b012 30b013 30b014 30b015 30b016 30b017 30b018 30b019 30b020
86 30b021 30b022 30b023 30b024 30b025 30b026 30b027 30b028 30b029 30b030
87 30c011 30c012 30c013 30c014 30c015 30c016 30c017 30c018 30c019 30c020
88 30c021 30c022 30c023 30c024 30c025 30c026 30c027 30c028 30c029 30c030
89 30d011 30d012 30d013 30d014 30d015 30d016 30d017 30d018 30d019 30d020
90 30d021 30d022 30d023 30d024 30d025 30d026 30d027 30d028 30d029 30d030
91 30e011 30e012 30e013 30e014 30e015 30e016 30e017 30e018 30e019 30e020
92 30e021 30e022 30e023 30e024 30e025 30e026 30e027 30e028 30e029 30e030
93 30f011 30f012 30f013 30f014 30f015 30f016 30f017 30f018 30f019 30f020
94 30f021 30f022 30f023 30f024 30f025 30f026 30f027 30f028 30f029 30f030
95 310011 310012 310013 310014 310015 310016 310017 310018 310019 310020
96 310021 310022 310023 310024 310025 310026 310027 310028 310029 310030
97 311011 311012 311013 311014 311015 311016 311017 311018 311019 311020
98 311021 311022 311023 311024 311025 311026 311027 311028 311029 311030
99 312011 312012 312013 312014 312015 312016 312017 312018 312019 312020
100 312021 312022 312023 312024 312025 312026 312027 312028 312029 312030
101 313011 313012 313013 313014 313015 313016 313017 313018 313019 313020
102 313021 313022 313023 313024 313025 313026 313027 313028 313029 313030
103 314011 314012 314013 314014 314015 314016 314017 314018 314019 314020
104 314021 314022 314023 314024 314025 314026 314027 314028 314029 314030
105 315011 315012 315013 315014 315015 315016 315017 315018 315019 315020
106 315021 315022 315023 315024 315025 315026 315027 315028 315029 315030
107 316011 316012 316013 316014 316015 316016 316017 316018 316019 316020
108 316021 316022 316023 316024 316025 316026 316027 316028 316029 316030
109 317011 317012 317013 317014 317015 317016 317017 317018 317019 317020
110 317021 317022 317023 317024 317025 317026 317027 317028 317029 317030
111 318011 318012 318013 318014 318015 318016 318017 318018 318019 318020
112 318021 318022 318023 318024 318025 318026 318027 318028 318029 318030
113 319011 319012 319013 319014 319015 319016 319017 319018 319019 319020
114 319021 319022 319023 319024 319025 319026 319027 319028 319029 319030
115 31a011 31a012 31a013 31a014 31a015 31a016 31a017 31a018 31a019 31a020
116 31a021 31a022 31a023 31a024 31a025 31a026 31a027 31a028 31a029 31a030
117 31b011 31b012 31b013 31b014 31b015 31b016 31b017 31b018 31b019 31b020
118 31b021 31b022 31b023 31b024 31b025 31b026 31b027 31b028 31b029 31b030
119 31c011 31c012 31c013 31c014 31c015 31c016 31c017 31c018 31c019 31c020
120 31c021 31c022 31c023 31c024 31c025 31c026 31c027 31c028 31c029 31c030
121 31d011 31d012 31d013 31d014 31d015 31d016 31d017 31d018 31d019 31d020
122 31d021 31d022 31d023 31d024 31d025 31d026 31d027 31d028 31d029 31d030
123 31e011 31e012 31e013 31e014 31e015 31e016 31e017 31e018 31e019 31e020
124 31e021 31e022 31e023 31e024 31e025 31e026 31e027 31e028 31e029 31e030
125 31f011 31f012 31f013 31f014 31f015 31f016 31f017 31f018 31f019 31f020
126 31f021 31f022 31f023 31f024 31f025 31f026 31f027 31f028 31f029 31f030
127 320011 320012 320013 320014 320015 320016 320017 320018 320019 320020
128 320021 320022 320023 320024 320025 320026 320027 320028 320029 320030
129 321011 321012 321013 321014 321015 321016 321017 321018 321019 321020
130 321021 321022 321023 321024 321025 321026 321027 321028 321029 321030
131 322011 322012 322013 322014 322015 322016 322017 322018 322019 322020
132 322021 322022 322023 322024 322025 322026 322027 322028 322029 322030
133 323011 323012 323013 323014 323015 323016 323017 323018 323019 323020
134 323021 323022 323023 323024 323025 323026 323027 323028 323029 323030
135 324011 324012 324013 324014 324015 324016 324017 324018 324019 324020
136 324021 324022 324023 324024 324025 324026 324027 324028 324029 324030
137 325011 325012 325013 325014 325015 325016 325017 325018 325019 325020
138 325021 325022 325023 325024 325025 325026 325027 325028 325029 325030
139 326011 326012 326013 326014 326015 326016 326017 326018 326019 326020
140 326021 326022 326023 326024 326025 326026 326027 326028 326029 326030
141 327011 327012 327013 327014 327015 327016 327017 327018 327019 327020
142 327021 327022 327023 327024 327025 327026 327027 327028 327029 327030
143 328011 328012 328013 328014 328015 328016 328017 328018 328019 328020
144 328021 328022 328023 328024 328025 328026 328027 328028 328029 328030
145 329011 329012 329013 329014 329015 329016 329017 329018 329019 329020
146 329021 329022 329023 329024 329025 329026 329027 329028 329029 329030
147 32a011 32a012 32a013 32a014 32a015 32a016 32a017 32a018 32a019 32a020
148 32a021 32a022 32a023 32a024 32a025 32a026 32a027 32a028 32a029 32a030
149 32b011 32b012 32b013 32b014 32b015 32b016 32b017 32b018 32b019 32b020
150 32b021 32b022 32b023 32b024 32b025 32b026 32b027 32b028 32b029 32b030
151 32c011 32c012 32c013 32c014 32c015 32c016 32c017 32c018 32c019 32c020
152 32c021 32c022 32c023 32c024 32c025 32c026 32c027 32c028 32c029 32c030
153 32d011 32d012 32d013 32d014 32d015 32d016 32d017 32d018 32d019 32d020
154 32d021 32d022 32d023 32d024 32d025 32d026 32d027 32d028 32d029 32d030
155 32e011 32e012 32e013 32e014 32e015 32e016 32e017 32e018 32e019 32e020
156 32e021 32e022 32e023 32e024 32e025 32e026 32e027 32e028 32e029 32e030
157 32f011 32f012 32f013 32f014 32f015 32f016 32f017 32f018 32f019 32f020
158 32f021 32f022 32f023 32f024 32f025 32f026 32f027 32f028 32f029 32f030
159 330011 330012 330013 330014 330015 330016 330017 330018 330019 330020
160 330021 330022 330023 330024 330025 330026 330027 330028 330029 330030
161 331011 331012 331013 331014 331015 331016 331017 331018 331019 331020
162 331021 331022 331023 331024 331025 331026 331027 331028 331029 331030
163 332011 332012 332013 332014 332015 332016 332017 332018 332019 332020
164 332021 332022 332023 332024 332025 332026 332027 332028 332029 332030
165 333011 333012 333013 333014 333015 333016 333017 333018 333019 333020
166 333021 333022 333023 333024 333025 333026 333027 333028 333029 333030
167 334011 334012 334013 334014 334015 334016 334017 334018 334019 334020
168 334021 334022 334023 334024 334025 334026 334027 334028 334029 334030
169 335011 335012 335013 335014 335015 335016 335017 335018 335019 335020
170 335021 335022 335023 335024 335025 335026 335027 335028 335029 335030
171 336011 336012 336013 336014 336015 336016 336017 336018 336019 336020
172 336021 336022 336023 336024 336025 336026 336027 336028 336029 336030
173 337011 337012 337013 337014 337015 337016 337017 337018 337019 337020
174 337021 337022 337023 337024 337025 337026 337027 337028 337029 337030
175 338011 338012 338013 338014 338015 338016 338017 338018 338019 338020
176 338021 338022 338023 338024 338025 338026 338027 338028 338029 338030
177 339011 339012 339013 339014 339015 339016 339017 339018 339019 339020
178 339021 339022 339023 339024 339025 339026 339027 339028 339029 339030
179 33a011 33a012 33a013 33a014 33a015 33a016 33a017 33a018 33a019 33a020
180 33a021 33a022 33a023 33a024 33a025 33a026 33a027 33a028 33a029 33a030
181 33b011 33b012 33b013 33b014 33b015 33b016 33b017 33b018 33b019 33b020
182 33b021 33b022 33b023 33b024 33b025 33b026 33b027 33b028 33b029 33b030
183 33c011 33c012 33c013 33c014 33c015 33c016 33c017 33c018 33c019 33c020
184 33c021 33c022 33c023 33c024 33c025 33c026 33c027 33c028 33c029 33c030
185 33d011 33d012 33d013 33d014 33d015 33d016 33d017 33d018 33d019 33d020
186 33d021 33d022 33d023 33d024 33d025 33d026 33d027 33d028 33d029 33d030
187 33e011 33e012 33e013 33e014 33e015 33e016 33e017 33e018 33e019 33e020
188 33e021 33e022 33e023 33e024 33e025 33e026 33e027 33e028 33e029 33e030
189 33f011 33f012 33f013 33f014 33f015 33f016 33f017 33f018 33f019 33f020
190 33f021 33f022 33f023 33f024 33f025 33f026 33f027 33f028 33f029 33f030
191 340011 340012 340013 340014 340015 340016 340017 340018 340019 340020
192 340021 340022 340023 340024 340025 340026 340027 340028 340029 340030
193 341011 341012 341013 341014 341015 341016 341017 341018 341019 341020
194 341021 341022 341023 341024 341025 341026 341027 341028 341029 341030
195 342011 342012 342013 342014 342015 342016 342017 342018 342019 342020
196 342021 342022 342023 342024 342025 342026 342027 342028 342029 342030
197 343011 343012 343013 343014 343015 343016 343017 343018 343019 343020
198 343021 343022 343023 343024 343025 343026 343027 343028 343029 343030
199 344011 344012 344013 344014 344015 344016 344017 344018 344019 344020
200 344021 344022 344023 344024 344025 344026 344027 344028 344029 344030
201 345011 345012 345013 345014 345015 345016 345017 345018 345019 345020
202 345021 345022 345023 345024 345025 345026 345027 345028 345029 345030
203 346011 346012 346013 346014 346015 346016 346017 346018 346019 346020
204 346021 346022 346023 346024 346025 346026 346027 346028 346029 346030
205 347011 347012 347013 347014 347015 347016 347017 347018 347019 347020
206 347021 347022 347023 347024 347025 347026 347027 347028 347029 347030
207 348011 348012 348013 348014 348015 348016 348017 348018 348019 348020
208 348021 348022 348023 348024 348025 348026 348027 348028 348029 348030
209 349011 349012 349013 349014 349015 349016 349017 349018 349019 349020
210 349021 349022 349023 349024 349025 349026 349027 349028 349029 349030
211 34a011 34a012 34a013 34a014 34a015 34a016 34a017 34a018 34a019 34a020
212 34a021 34a022 34a023 34a024 34a025 34a026 34a027 34a028 34a029 34a030
213 34b011 34b012 34b013 34b014 34b015 34b016 34b017 34b018 34b019 34b020
214 34b021 34b022 34b023 34b024 34b025 34b026 34b027 34b028 34b029 34b030
215 34c011 34c012 34c013 34c014 34c015 34c016 34c017 34c018 34c019 34c020
216 34c021 34c022 34c023 34c024 34c025 34c026 34c027 34c028 34c029 34c030
217 34d011 34d012 34d013 34d014 34d015 34d016 34d017 34d018 34d019 34d020
218 34d021 34d022 34d023 34d024 34d025 34d026 34d027 34d028 34d029 34d030
219 34e011 34e012 34e013 34e014 34e015 34e016 34e017 34e018 34e019 34e020
220 34e021 34e022 34e023 34e024 34e025 34e026 34e027 34e028 34e029 34e030
221 34f011 34f012 34f013 34f014 34f015 34f016 34f017 34f018 34f019 34f020
222 34f021 34f022 34f023 34f024 34f025 34f026 34f027 34f028 34f029 34f030
223 350011 350012 350013 350014 350015 350016 350017 350018 350019 350020
224 350021 350022 350023 350024 350025 350026 350027 350028 350029 350030
225 351011 351012 351013 351014 351015 351016 351017 351018 351019 351020
226 351021 351022 351023 351024 351025 351026 351027 351028 351029 351030
227 352011 352012 352013 352014 352015 352016 352017 352018 352019 352020
228 352021 352022 352023 352024 352025 352026 352027 352028 352029 352030
229 353011 353012 353013 353014 353015 353016 353017 353018 353019 353020
230 353021 353022 353023 353024 353025 353026 353027 353028 353029 353030
231 354011 354012 354013 354014 354015 354016 354017 354018 354019 354020
232 354021 354022 354023 354024 354025 354026 354027 354028 354029 354030
233 355011 355012 355013 355014 355015 355016 355017 355018 355019 355020
234 355021 355022 355023 355024 355025 355026 355027 355028 355029 355030
235 356011 356012 356013 356014 356015 356016 356017 356018 356019 356020
236 356021 356022 356023 356024 356025 356026 356027 356028 356029 356030
237 357011 357012 357013 357014 357015 357016 357017 357018 357019 357020
238 357021 357022 357023 357024 357025 357026 357027 357028 357029 357030
239 358011 358012 358013 358014 358015 358016 358017 358018 358019 358020
240 358021 358022 358023 358024 358025 358026 358027 358028 358029 358030
241 359011 359012 359013 359014 359015 359016 359017 359018 359019 359020
242 359021 359022 359023 359024 359025 359026 359027 359028 359029 359030
243 35a011 35a012 35a013 35a014 35a015 35a016 35a017 35a018 35a019 35a020
244 35a021 35a022 35a023 35a024 35a025 35a026 35a027 35a028 35a029 35a030
245 35b011 35b012 35b013 35b014 35b015 35b016 35b017 35b018 35b019 35b020
246 35b021 35b022 35b023 35b024 35b025 35b026 35b027 35b028 35b029 35b030
247 35c011 35c012 35c013 35c014 35c015 35c016 35c017 35c018 35c019 35c020
248 35c021 35c022 35c023 35c024 35c025 35c026 35c027 35c028 35c029 35c030
249 35d011 35d012 35d013 35d014 35d015 35d016 35d017 35d018 35d019 35d020
250 35d021 35d022 35d023 35d024 35d025 35d026 35d027 35d028 35d029 35d030
251 35e011 35e012 35e013 35e014 35e015 35e016 35e017 35e018 35e019 35e020
252 35e021 35e022 35e023 35e024 35e025 35e026 35e027 35e028 35e029 35e030
253 35f011 35f012 35f013 35f014 35f015 35f016 35f017 35f018 35f019 35f020
254 35f021 35f022 35f023 35f024 35f025 35f026 35f027 35f028 35f029 35f030
255 360011 360012 360013 360014 360015 360016 360017 360018 360019 360020
256 360021 360022 360023 360024 360025 360026 360027 360028 360029 360030
257 361011 361012 361013 361014 361015 361016 361017 361018 361019 361020
258 361021 361022 361023 361024 361025 361026 361027 361028 361029 361030
259 362011 362012 362013 362014 362015 362016 362017 362018 362019 362020
260 362021 362022 362023 362024 362025 362026 362027 362028 362029 362030
261 363011 363012 363013 363014 363015 363016 363017 363018 363019 363020
262 363021 363022 363023 363024 363025 363026 363027 363028 363029 363030
263 364011 364012 364013 364014 364015 364016 364017 364018 364019 364020
264 364021 364022 364023 364024 364025 364026 364027 364028 364029 364030
265 365011 365012 365013 365014 365015 365016 365017 365018 365019 365020
266 365021 365022 365023 365024 365025 365026 365027 365028 365029 365030
267 366011 366012 366013 366014 366015 366016 366017 366018 366019 366020
268 366021 366022 366023 366024 366025 366026 366027 366028 366029 366030
269 367011 367012 367013 367014 367015 367016 367017 367018 367019 367020
270 367021 367022 367023 367024 367025 367026 367027 367028 367029 367030
271 368011 368012 368013 368014 368015 368016 368017 368018 368019 368020
272 368021 368022 368023 368024 368025 368026 368027 368028 368029 368030
273 369011 369012 369013 369014 369015 369016 369017 369018 369019 369020
274 369021 369022 369023 369024 369025 369026 369027 369028 369029 369030
275 36a011 36a012 36a013 36a014 36a015 36a016 36a017 36a018 36a019 36a020
276 36a021 36a022 36a023 36a024 36a025 36a026 36a027 36a028 36a029 36a030
277 36b011 36b012 36b013 36b014 36b015 36b016 36b017 36b018 36b019 36b020
278 36b021 36b022 36b023 36b024 36b025 36b026 36b027 36b028 36b029 36b030
279 36c011 36c012 36c013 36c014 36c015 36c016 36c017 36c018 36c019 36c020
280 36c021 36c022 36c023 36c024 36c025 36c026 36c027 36c028 36c029 36c030
281 36d011 36d012 36d013 36d014 36d015 36d016 36d017 36d018 36d019 36d020
282 36d021 36d022 36d023 36d024 36d025 36d026 36d027 36d028 36d029 36d030
283 36e011 36e012 36e013 36e014 36e015 36e016 36e017 36e018 36e019 36e020
284 36e021 36e022 36e023 36e024 36e025 36e026 36e027 36e028 36e029 36e030
285 36f011 36f012 36f013 36f014 36f015 36f016 36f017 36f018 36f019 36f020
286 36f021 36f022 36f023 36f024 36f025 36f026 36f027 36f028 36f029 36f030
287 370011 370012 370013 370014 370015 370016 370017 370018 370019 370020
288 370021 370022 370023 370024 370025 370026 370027 370028 370029 370030
289 371011 371012 371013 371014 371015 371016 371017 371018 371019 371020
290 371021 371022 371023 371024 371025 371026 371027 371028 371029 371030
291 372011 372012 372013 372014 372015 372016 372017 372018 372019 372020
292 372021 372022 372023 372024 372025 372026 372027 372028 372029 372030
293 373011 373012 373013 373014 373015 373016 373017 373018 373019 373020
294 373021 373022 373023 373024 373025 373026 373027 373028 373029 373030
295 374011 374012 374013 374014 374015 374016 374017 374018 374019 374020
296 374021 374022 374023 374024 374025 374026 374027 374028 374029 374030
297 375011 375012 375013 375014 375015 375016 375017 375018 375019 375020
298 375021 375022 375023 375024 375025 375026 375027 375028 375029 375030
299 376011 376012 376013 376014 376015 376016 376017 376018 376019 376020
300 376021 376022 376023 376024 376025 376026 376027 376028 376029 376030
301 377011 377012 377013 377014 377015 377016 377017 377018 377019 377020
302 377021 377022 377023 377024 377025 377026 377027 377028 377029 377030
303 378011 378012 378013 378014 378015 378016 378017 378018 378019 378020
304 378021 378022 378023 378024 378025 378026 378027 378028 378029 378030
305 379011 379012 379013 379014 379015 379016 379017 379018 379019 379020
306 379021 379022 379023 379024 379025 379026 379027 379028 379029 379030
307 37a011 37a012 37a013 37a014 37a015 37a016 37a017 37a018 37a019 37a020
308 37a021 37a022 37a023 37a024 37a025 37a026 37a027 37a028 37a029 37a030
309 37b011 37b012 37b013 37b014 37b015 37b016 37b017 37b018 37b019 37b020
310 37b021 37b022 37b023 37b024 37b025 37b026 37b027 37b028 37b029 37b030
311 37c011 37c012 37c013 37c014 37c015 37c016 37c017 37c018 37c019 37c020
312 37c021 37c022 37c023 37c024 37c025 37c026 37c027 37c028 37c029 37c030
313 37d011 37d012 37d013 37d014 37d015 37d016 37d017 37d018 37d019 37d020
314 37d021 37d022 37d023 37d024 37d025 37d026 37d027 37d028 37d029 37d030
315 37e011 37e012 37e013 37e014 37e015 37e016 37e017 37e018 37e019 37e020
316 37e021 37e022 37e023 37e024 37e025 37e026 37e027 37e028 37e029 37e030
317 37f011 37f012 37f013 37f014 37f015 37f016 37f017 37f018 37f019 37f020
318 37f021 37f022 37f023 37f024 37f025 37f026 37f027 37f028 37f029 37f030
319 380011 380012 380013 380014 380015 380016 380017 380018 380019 380020
320 380021 380022 380023 380024 380025 380026 380027 380028 380029 380030
321 381011 381012 381013 381014 381015 381016 381017 381018 381019 381020
322 381021 381022 381023 381024 381025 381026 381027 381028 381029 381030
323 382011 382012 382013 382014 382015 382016 382017 382018 382019 382020
324 382021 382022 382023 382024 382025 382026 382027 382028 382029 382030
325 383011 383012 383013 383014 383015 383016 383017 383018 383019 383020
326 383021 383022 383023 383024 383025 383026 383027 383028 383029 383030
327 384011 384012 384013 384014 384015 384016 384017 384018 384019 384020
328 384021 384022 384023 384024 384025 384026 384027 384028 384029 384030
329 385011 385012 385013 385014 385015 385016 385017 385018 385019 385020
330 385021 385022 385023 385024 385025 385026 385027 385028 385029 385030
331 386011 386012 386013 386014 386015 386016 386017 386018 386019 386020
332 386021 386022 386023 386024 386025 386026 386027 386028 386029 386030
333 387011 387012 387013 387014 387015 387016 387017 387018 387019 387020
334 387021 387022 387023 387024 387025 387026 387027 387028 387029 387030
335 388011 388012 388013 388014 388015 388016 388017 388018 388019 388020
336 388021 388022 388023 388024 388025 388026 388027 388028 388029 388030
337 389011 389012 389013 389014 389015 389016 389017 389018 389019 389020
338 389021 389022 389023 389024 389025 389026 389027 389028 389029 389030
339 38a011 38a012 38a013 38a014 38a015 38a016 38a017 38a018 38a019 38a020
340 38a021 38a022 38a023 38a024 38a025 38a026 38a027 38a028 38a029 38a030
341 38b011 38b012 38b013 38b014 38b015 38b016 38b017 38b018 38b019 38b020
342 38b021 38b022 38b023 38b024 38b025 38b026 38b027 38b028 38b029 38b030
343 38c011 38c012 38c013 38c014 38c015 38c016 38c017 38c018 38c019 38c020
344 38c021 38c022 38c023 38c024 38c025 38c026 38c027 38c028 38c029 38c030
345 38d011 38d012 38d013 38d014 38d015 38d016 38d017 38d018 38d019 38d020
346 38d021 38d022 38d023 38d024 38d025 38d026 38d027 38d028 38d029 38d030
347 38e011 38e012 38e013 38e014 38e015 38e016 38e017 38e018 38e019 38e020
348 38e021 38e022 38e023 38e024 38e025 38e026 38e027 38e028 38e029 38e030
349 38f011 38f012 38f013 38f014 38f015 38f016 38f017 38f018 38f019 38f020
350 38f021 38f022 38f023 38f024 38f025 38f026 38f027 38f028 38f029 38f030
