1 101001 101002 101003 101004 101005 101006 101007 101008 101009 101010
2 102001 102002 102003 102004 102005 102006 102007 102008 102009 102010
3 103001 103002 103003 103004 103005 103006 103007 103008 103009 103010
4 104001 104002 104003 104004 104005 104006 104007 104008 104009 104010
5 105001 105002 105003 105004 105005 105006 105007 105008 105009 105010
6 106001 106002 106003 106004 106005 106006 106007 106008 106009 106010
7 107001 107002 107003 107004 107005 107006 107007 107008 107009 107010
8 108001 108002 108003 108004 108005 108006 108007 108008 108009 108010
9 109001 109002 109003 109004 109005 109006 109007 109008 109009 109010
10 110001 110002 110003 110004 110005 110006 110007 110008 110009 110010
11 111001 111002 111003 111004 111005 111006 111007 111008 111009 111010
12 112001 112002 112003 112004 112005 112006 112007 112008 112009 112010
13 113001 113002 113003 113004 113005 113006 113007 113008 113009 113010
14 114001 114002 114003 114004 114005 114006 114007 114008 114009 114010
15 115001 115002 115003 115004 115005 115006 115007 115008 115009 115010
16 116001 116002 116003 116004 116005 116006 116007 116008 116009 116010
17 117001 117002 117003 117004 117005 117006 117007 117008 117009 117010
18 118001 118002 118003 118004 118005 118006 118007 118008 118009 118010
19 119001 119002 119003 119004 119005 119006 119007 119008 119009 119010
20 120001 120002 120003 120004 120005 120006 120007 120008 120009 120010
21 121001 121002 121003 121004 121005 121006 121007 121008 121009 121010
22 122001 122002 122003 122004 122005 122006 122007 122008 122009 122010
23 123001 123002 123003 123004 123005 123006 123007 123008 123009 123010
24 124001 124002 124003 124004 124005 124006 124007 124008 124009 124010
25 125001 125002 125003 125004 125005 125006 125007 125008 125009 125010
26 126001 126002 126003 126004 126005 126006 126007 126008 126009 126010
27 127001 127002 127003 127004 127005 127006 127007 127008 127009 127010
28 128001 128002 128003 128004 128005 128006 128007 128008 128009 128010
29 129001 129002 129003 129004 129005 129006 129007 129008 129009 129010
30 130001 130002 130003 130004 130005 130006 130007 130008 130009 130010
31 131001 131002 131003 131004 131005 131006 131007 131008 131009 131010
32 132001 132002 132003 132004 132005 132006 132007 132008 132009 132010
33 133001 133002 133003 133004 133005 133006 133007 133008 133009 133010
34 134001 134002 134003 134004 134005 134006 134007 134008 134009 134010
35 135001 135002 135003 135004 135005 135006 135007 135008 135009 135010
36 136001 136002 136003 136004 136005 136006 136007 136008 136009 136010
37 137001 137002 137003 137004 137005 137006 137007 137008 137009 137010
38 138001 138002 138003 138004 138005 138006 138007 138008 138009 138010
39 139001 139002 139003 139004 139005 139006 139007 139008 139009 139010
40 140001 140002 140003 140004 140005 140006 140007 140008 140009 140010
41 141001 141002 141003 141004 141005 141006 141007 141008 141009 141010
42 142001 142002 142003 142004 142005 142006 142007 142008 142009 142010
43 143001 143002 143003 143004 143005 143006 143007 143008 143009 143010
44 144001 144002 144003 144004 144005 144006 144007 144008 144009 144010
45 145001 145002 145003 145004 145005 145006 145007 145008 145009 145010
46 146001 146002 146003 146004 146005 146006 146007 146008 146009 146010
47 147001 147002 147003 147004 147005 147006 147007 147008 147009 147010
48 148001 148002 148003 148004 148005 148006 148007 148008 148009 148010
49 149001 149002 149003 149004 149005 149006 149007 149008 149009 149010
50 150001 150002 150003 150004 150005 150006 150007 150008 150009 150010
51 151001 151002 151003 151004 151005 151006 151007 151008 151009 151010
52 152001 152002 152003 152004 152005 152006 152007 152008 152009 152010
53 153001 153002 153003 153004 153005 153006 153007 153008 153009 153010
54 154001 154002 154003 154004 154005 154006 154007 154008 154009 154010
55 155001 155002 155003 155004 155005 155006 155007 155008 155009 155010
56 156001 156002 156003 156004 156005 156006 156007 156008 156009 156010
57 157001 157002 157003 157004 157005 157006 157007 157008 157009 157010
58 158001 158002 158003 158004 158005 158006 158007 158008 158009 158010
59 159001 159002 159003 159004 159005 159006 159007 159008 159009 159010
60 160001 160002 160003 160004 160005 160006 160007 160008 160009 160010
61 161001 161002 161003 161004 161005 161006 161007 161008 161009 161010
62 162001 162002 162003 162004 162005 162006 162007 162008 162009 162010
63 163001 163002 163003 163004 163005 163006 163007 163008 163009 163010
64 164001 164002 164003 164004 164005 164006 164007 164008 164009 164010
65 101011 101012 101013 101014 101015 101016 101017 101018 101019 101020
66 101021 101022 101023 101024 101025 101026 101027 101028 101029 101030
67 102011 102012 102013 102014 102015 102016 102017 102018 102019 102020
68 102021 102022 102023 102024 102025 102026 102027 102028 102029 102030
69 103011 103012 103013 103014 103015 103016 103017 103018 103019 103020
70 103021 103022 103023 103024 103025 103026 103027 103028 103029 103030
71 104011 104012 104013 104014 104015 104016 104017 104018 104019 104020
72 104021 104022 104023 104024 104025 104026 104027 104028 104029 104030
73 105011 105012 105013 105014 105015 105016 105017 105018 105019 105020
74 105021 105022 105023 105024 105025 105026 105027 105028 105029 105030
75 106011 106012 106013 106014 106015 106016 106017 106018 106019 106020
76 106021 106022 106023 106024 106025 106026 106027 106028 106029 106030
77 107011 107012 107013 107014 107015 107016 107017 107018 107019 107020
78 107021 107022 107023 107024 107025 107026 107027 107028 107029 107030
79 108011 108012 108013 108014 108015 108016 108017 108018 108019 108020
80 108021 108022 108023 108024 108025 108026 108027 108028 108029 108030
81 109011 109012 109013 109014 109015 109016 109017 109018 109019 109020
82 109021 109022 109023 109024 109025 109026 109027 109028 109029 109030
83 10a011 10a012 10a013 10a014 10a015 10a016 10a017 10a018 10a019 10a020
84 10a021 10a022 10a023 10a024 10a025 10a026 10a027 10a028 10a029 10a030
85 10b011 10b012 10b013 10b014 10b015 10b016 10b017 10b018 10b019 10b020
86 10b021 10b022 10b023 10b024 10b025 10b026 10b027 10b028 10b029 10b030
87 10c011 10c012 10c013 10c014 10c015 10c016 10c017 10c018 10c019 10c020
88 10c021 10c022 10c023 10c024 10c025 10c026 10c027 10c028 10c029 10c030
89 10d011 10d012 10d013 10d014 10d015 10d016 10d017 10d018 10d019 10d020
90 10d021 10d022 10d023 10d024 10d025 10d026 10d027 10d028 10d029 10d030
91 10e011 10e012 10e013 10e014 10e015 10e016 10e017 10e018 10e019 10e020
92 10e021 10e022 10e023 10e024 10e025 10e026 10e027 10e028 10e029 10e030
93 10f011 10f012 10f013 10f014 10f015 10f016 10f017 10f018 10f019 10f020
94 10f021 10f022 10f023 10f024 10f025 10f026 10f027 10f028 10f029 10f030
95 110011 110012 110013 110014 110015 110016 110017 110018 110019 110020
96 110021 110022 110023 110024 110025 110026 110027 110028 110029 110030
97 111011 111012 111013 111014 111015 111016 111017 111018 111019 111020
98 111021 111022 111023 111024 111025 111026 111027 111028 111029 111030
99 112011 112012 112013 112014 112015 112016 112017 112018 112019 112020
100 112021 112022 112023 112024 112025 112026 112027 112028 112029 112030
101 113011 113012 113013 113014 113015 113016 113017 113018 113019 113020
102 113021 113022 113023 113024 113025 113026 113027 113028 113029 113030
103 114011 114012 114013 114014 114015 114016 114017 114018 114019 114020
104 114021 114022 114023 114024 114025 114026 114027 114028 114029 114030
105 115011 115012 115013 115014 115015 115016 115017 115018 115019 115020
106 115021 115022 115023 115024 115025 115026 115027 115028 115029 115030
107 116011 116012 116013 116014 116015 116016 116017 116018 116019 116020
108 116021 116022 116023 116024 116025 116026 116027 116028 116029 116030
109 117011 117012 117013 117014 117015 117016 117017 117018 117019 117020
110 117021 117022 117023 117024 117025 117026 117027 117028 117029 117030
111 118011 118012 118013 118014 118015 118016 118017 118018 118019 118020
112 118021 118022 118023 118024 118025 118026 118027 118028 118029 118030
113 119011 119012 119013 119014 119015 119016 119017 119018 119019 119020
114 119021 119022 119023 119024 119025 119026 119027 119028 119029 119030
115 11a011 11a012 11a013 11a014 11a015 11a016 11a017 11a018 11a019 11a020
116 11a021 11a022 11a023 11a024 11a025 11a026 11a027 11a028 11a029 11a030
117 11b011 11b012 11b013 11b014 11b015 11b016 11b017 11b018 11b019 11b020
118 11b021 11b022 11b023 11b024 11b025 11b026 11b027 11b028 11b029 11b030
119 11c011 11c012 11c013 11c014 11c015 11c016 11c017 11c018 11c019 11c020
120 11c021 11c022 11c023 11c024 11c025 11c026 11c027 11c028 11c029 11c030
121 11d011 11d012 11d013 11d014 11d015 11d016 11d017 11d018 11d019 11d020
122 11d021 11d022 11d023 11d024 11d025 11d026 11d027 11d028 11d029 11d030
123 11e011 11e012 11e013 11e014 11e015 11e016 11e017 11e018 11e019 11e020
124 11e021 11e022 11e023 11e024 11e025 11e026 11e027 11e028 11e029 11e030
125 11f011 11f012 11f013 11f014 11f015 11f016 11f017 11f018 11f019 11f020
126 11f021 11f022 11f023 11f024 11f025 11f026 11f027 11f028 11f029 11f030
127 120011 120012 120013 120014 120015 120016 120017 120018 120019 120020
128 120021 120022 120023 120024 120025 120026 120027 120028 120029 120030
129 121011 121012 121013 121014 121015 121016 121017 121018 121019 121020
130 121021 121022 121023 121024 121025 121026 121027 121028 121029 121030
131 122011 122012 122013 122014 122015 122016 122017 122018 122019 122020
132 122021 122022 122023 122024 122025 122026 122027 122028 122029 122030
133 123011 123012 123013 123014 123015 123016 123017 123018 123019 123020
134 123021 123022 123023 123024 123025 123026 123027 123028 123029 123030
135 124011 124012 124013 124014 124015 124016 124017 124018 124019 124020
136 124021 124022 124023 124024 124025 124026 124027 124028 124029 124030
137 125011 125012 125013 125014 125015 125016 125017 125018 125019 125020
138 125021 125022 125023 125024 125025 125026 125027 125028 125029 125030
139 126011 126012 126013 126014 126015 126016 126017 126018 126019 126020
140 126021 126022 126023 126024 126025 126026 126027 126028 126029 126030
141 127011 127012 127013 127014 127015 127016 127017 127018 127019 127020
142 127021 127022 127023 127024 127025 127026 127027 127028 127029 127030
143 128011 128012 128013 128014 128015 128016 128017 128018 128019 128020
144 128021 128022 128023 128024 128025 128026 128027 128028 128029 128030
145 129011 129012 129013 129014 129015 129016 129017 129018 129019 129020
146 129021 129022 129023 129024 129025 129026 129027 129028 129029 129030
147 12a011 12a012 12a013 12a014 12a015 12a016 12a017 12a018 12a019 12a020
148 12a021 12a022 12a023 12a024 12a025 12a026 12a027 12a028 12a029 12a030
149 12b011 12b012 12b013 12b014 12b015 12b016 12b017 12b018 12b019 12b020
150 12b021 12b022 12b023 12b024 12b025 12b026 12b027 12b028 12b029 12b030
151 12c011 12c012 12c013 12c014 12c015 12c016 12c017 12c018 12c019 12c020
152 12c021 12c022 12c023 12c024 12c025 12c026 12c027 12c028 12c029 12c030
153 12d011 12d012 12d013 12d014 12d015 12d016 12d017 12d018 12d019 12d020
154 12d021 12d022 12d023 12d024 12d025 12d026 12d027 12d028 12d029 12d030
155 12e011 12e012 12e013 12e014 12e015 12e016 12e017 12e018 12e019 12e020
156 12e021 12e022 12e023 12e024 12e025 12e026 12e027 12e028 12e029 12e030
157 12f011 12f012 12f013 12f014 12f015 12f016 12f017 12f018 12f019 12f020
158 12f021 12f022 12f023 12f024 12f025 12f026 12f027 12f028 12f029 12f030
159 130011 130012 130013 130014 130015 130016 130017 130018 130019 130020
160 130021 130022 130023 130024 130025 130026 130027 130028 130029 130030
161 131011 131012 131013 131014 131015 131016 131017 131018 131019 131020
162 131021 131022 131023 131024 131025 131026 131027 131028 131029 131030
163 132011 132012 132013 132014 132015 132016 132017 132018 132019 132020
164 132021 132022 132023 132024 132025 132026 132027 132028 132029 132030
165 133011 133012 133013 133014 133015 133016 133017 133018 133019 133020
166 133021 133022 133023 133024 133025 133026 133027 133028 133029 133030
167 134011 134012 134013 134014 134015 134016 134017 134018 134019 134020
168 134021 134022 134023 134024 134025 134026 134027 134028 134029 134030
169 135011 135012 135013 135014 135015 135016 135017 135018 135019 135020
170 135021 135022 135023 135024 135025 135026 135027 135028 135029 135030
171 136011 136012 136013 136014 136015 136016 136017 136018 136019 136020
172 136021 136022 136023 136024 136025 136026 136027 136028 136029 136030
173 137011 137012 137013 137014 137015 137016 137017 137018 137019 137020
174 137021 137022 137023 137024 137025 137026 137027 137028 137029 137030
175 138011 138012 138013 138014 138015 138016 138017 138018 138019 138020
176 138021 138022 138023 138024 138025 138026 138027 138028 138029 138030
177 139011 139012 139013 139014 139015 139016 139017 139018 139019 139020
178 139021 139022 139023 139024 139025 139026 139027 139028 139029 139030
179 13a011 13a012 13a013 13a014 13a015 13a016 13a017 13a018 13a019 13a020
180 13a021 13a022 13a023 13a024 13a025 13a026 13a027 13a028 13a029 13a030
181 13b011 13b012 13b013 13b014 13b015 13b016 13b017 13b018 13b019 13b020
182 13b021 13b022 13b023 13b024 13b025 13b026 13b027 13b028 13b029 13b030
183 13c011 13c012 13c013 13c014 13c015 13c016 13c017 13c018 13c019 13c020
184 13c021 13c022 13c023 13c024 13c025 13c026 13c027 13c028 13c029 13c030
185 13d011 13d012 13d013 13d014 13d015 13d016 13d017 13d018 13d019 13d020
186 13d021 13d022 13d023 13d024 13d025 13d026 13d027 13d028 13d029 13d030
187 13e011 13e012 13e013 13e014 13e015 13e016 13e017 13e018 13e019 13e020
188 13e021 13e022 13e023 13e024 13e025 13e026 13e027 13e028 13e029 13e030
189 13f011 13f012 13f013 13f014 13f015 13f016 13f017 13f018 13f019 13f020
190 13f021 13f022 13f023 13f024 13f025 13f026 13f027 13f028 13f029 13f030
191 140011 140012 140013 140014 140015 140016 140017 140018 140019 140020
192 140021 140022 140023 140024 140025 140026 140027 140028 140029 140030
193 141011 141012 141013 141014 141015 141016 141017 141018 141019 141020
194 141021 141022 141023 141024 141025 141026 141027 141028 141029 141030
195 142011 142012 142013 142014 142015 142016 142017 142018 142019 142020
196 142021 142022 142023 142024 142025 142026 142027 142028 142029 142030
197 143011 143012 143013 143014 143015 143016 143017 143018 143019 143020
198 143021 143022 143023 143024 143025 143026 143027 143028 143029 143030
199 144011 144012 144013 144014 144015 144016 144017 144018 144019 144020
200 144021 144022 144023 144024 144025 144026 144027 144028 144029 144030
201 145011 145012 145013 145014 145015 145016 145017 145018 145019 145020
202 145021 145022 145023 145024 145025 145026 145027 145028 145029 145030
203 146011 146012 146013 146014 146015 146016 146017 146018 146019 146020
204 146021 146022 146023 146024 146025 146026 146027 146028 146029 146030
205 147011 147012 147013 147014 147015 147016 147017 147018 147019 147020
206 147021 147022 147023 147024 147025 147026 147027 147028 147029 147030
207 148011 148012 148013 148014 148015 148016 148017 148018 148019 148020
208 148021 148022 148023 148024 148025 148026 148027 148028 148029 148030
209 149011 149012 149013 149014 149015 149016 149017 149018 149019 149020
210 149021 149022 149023 149024 149025 149026 149027 149028 149029 149030
211 14a011 14a012 14a013 14a014 14a015 14a016 14a017 14a018 14a019 14a020
212 14a021 14a022 14a023 14a024 14a025 14a026 14a027 14a028 14a029 14a030
213 14b011 14b012 14b013 14b014 14b015 14b016 14b017 14b018 14b019 14b020
214 14b021 14b022 14b023 14b024 14b025 14b026 14b027 14b028 14b029 14b030
215 14c011 14c012 14c013 14c014 14c015 14c016 14c017 14c018 14c019 14c020
216 14c021 14c022 14c023 14c024 14c025 14c026 14c027 14c028 14c029 14c030
217 14d011 14d012 14d013 14d014 14d015 14d016 14d017 14d018 14d019 14d020
218 14d021 14d022 14d023 14d024 14d025 14d026 14d027 14d028 14d029 14d030
219 14e011 14e012 14e013 14e014 14e015 14e016 14e017 14e018 14e019 14e020
220 14e021 14e022 14e023 14e024 14e025 14e026 14e027 14e028 14e029 14e030
221 14f011 14f012 14f013 14f014 14f015 14f016 14f017 14f018 14f019 14f020
222 14f021 14f022 14f023 14f024 14f025 14f026 14f027 14f028 14f029 14f030
223 150011 150012 150013 150014 150015 150016 150017 150018 150019 150020
224 150021 150022 150023 150024 150025 150026 150027 150028 150029 150030
225 151011 151012 151013 151014 151015 151016 151017 151018 151019 151020
226 151021 151022 151023 151024 151025 151026 151027 151028 151029 151030
227 152011 152012 152013 152014 152015 152016 152017 152018 152019 152020
228 152021 152022 152023 152024 152025 152026 152027 152028 152029 152030
229 153011 153012 153013 153014 153015 153016 153017 153018 153019 153020
230 153021 153022 153023 153024 153025 153026 153027 153028 153029 153030
231 154011 154012 154013 154014 154015 154016 154017 154018 154019 154020
232 154021 154022 154023 154024 154025 154026 154027 154028 154029 154030
233 155011 155012 155013 155014 155015 155016 155017 155018 155019 155020
234 155021 155022 155023 155024 155025 155026 155027 155028 155029 155030
235 156011 156012 156013 156014 156015 156016 156017 156018 156019 156020
236 156021 156022 156023 156024 156025 156026 156027 156028 156029 156030
237 157011 157012 157013 157014 157015 157016 157017 157018 157019 157020
238 157021 157022 157023 157024 157025 157026 157027 157028 157029 157030
239 158011 158012 158013 158014 158015 158016 158017 158018 158019 158020
240 158021 158022 158023 158024 158025 158026 158027 158028 158029 158030
241 159011 159012 159013 159014 159015 159016 159017 159018 159019 159020
242 159021 159022 159023 159024 159025 159026 159027 159028 159029 159030
243 15a011 15a012 15a013 15a014 15a015 15a016 15a017 15a018 15a019 15a020
244 15a021 15a022 15a023 15a024 15a025 15a026 15a027 15a028 15a029 15a030
245 15b011 15b012 15b013 15b014 15b015 15b016 15b017 15b018 15b019 15b020
246 15b021 15b022 15b023 15b024 15b025 15b026 15b027 15b028 15b029 15b030
247 15c011 15c012 15c013 15c014 15c015 15c016 15c017 15c018 15c019 15c020
248 15c021 15c022 15c023 15c024 15c025 15c026 15c027 15c028 15c029 15c030
249 15d011 15d012 15d013 15d014 15d015 15d016 15d017 15d018 15d019 15d020
250 15d021 15d022 15d023 15d024 15d025 15d026 15d027 15d028 15d029 15d030
251 15e011 15e012 15e013 15e014 15e015 15e016 15e017 15e018 15e019 15e020
252 15e021 15e022 15e023 15e024 15e025 15e026 15e027 15e028 15e029 15e030
253 15f011 15f012 15f013 15f014 15f015 15f016 15f017 15f018 15f019 15f020
254 15f021 15f022 15f023 15f024 15f025 15f026 15f027 15f028 15f029 15f030
255 160011 160012 160013 160014 160015 160016 160017 160018 160019 160020
256 160021 160022 160023 160024 160025 160026 160027 160028 160029 160030
257 161011 161012 161013 161014 161015 161016 161017 161018 161019 161020
258 161021 161022 161023 161024 161025 161026 161027 161028 161029 161030
259 162011 162012 162013 162014 162015 162016 162017 162018 162019 162020
260 162021 162022 162023 162024 162025 162026 162027 162028 162029 162030
261 163011 163012 163013 163014 163015 163016 163017 163018 163019 163020
262 163021 163022 163023 163024 163025 163026 163027 163028 163029 163030
263 164011 164012 164013 164014 164015 164016 164017 164018 164019 164020
264 164021 164022 164023 164024 164025 164026 164027 164028 164029 164030
265 165011 165012 165013 165014 165015 165016 165017 165018 165019 165020
266 165021 165022 165023 165024 165025 165026 165027 165028 165029 165030
267 166011 166012 166013 166014 166015 166016 166017 166018 166019 166020
268 166021 166022 166023 166024 166025 166026 166027 166028 166029 166030
269 167011 167012 167013 167014 167015 167016 167017 167018 167019 167020
270 167021 167022 167023 167024 167025 167026 167027 167028 167029 167030
271 168011 168012 168013 168014 168015 168016 168017 168018 168019 168020
272 168021 168022 168023 168024 168025 168026 168027 168028 168029 168030
273 169011 169012 169013 169014 169015 169016 169017 169018 169019 169020
274 169021 169022 169023 169024 169025 169026 169027 169028 169029 169030
275 16a011 16a012 16a013 16a014 16a015 16a016 16a017 16a018 16a019 16a020
276 16a021 16a022 16a023 16a024 16a025 16a026 16a027 16a028 16a029 16a030
277 16b011 16b012 16b013 16b014 16b015 16b016 16b017 16b018 16b019 16b020
278 16b021 16b022 16b023 16b024 16b025 16b026 16b027 16b028 16b029 16b030
279 16c011 16c012 16c013 16c014 16c015 16c016 16c017 16c018 16c019 16c020
280 16c021 16c022 16c023 16c024 16c025 16c026 16c027 16c028 16c029 16c030
281 16d011 16d012 16d013 16d014 16d015 16d016 16d017 16d018 16d019 16d020
282 16d021 16d022 16d023 16d024 16d025 16d026 16d027 16d028 16d029 16d030
283 16e011 16e012 16e013 16e014 16e015 16e016 16e017 16e018 16e019 16e020
284 16e021 16e022 16e023 16e024 16e025 16e026 16e027 16e028 16e029 16e030
285 16f011 16f012 16f013 16f014 16f015 16f016 16f017 16f018 16f019 16f020
286 16f021 16f022 16f023 16f024 16f025 16f026 16f027 16f028 16f029 16f030
287 170011 170012 170013 170014 170015 170016 170017 170018 170019 170020
288 170021 170022 170023 170024 170025 170026 170027 170028 170029 170030
289 171011 171012 171013 171014 171015 171016 171017 171018 171019 171020
290 171021 171022 171023 171024 171025 171026 171027 171028 171029 171030
291 172011 172012 172013 172014 172015 172016 172017 172018 172019 172020
292 172021 172022 172023 172024 172025 172026 172027 172028 172029 172030
293 173011 173012 173013 173014 173015 173016 173017 173018 173019 173020
294 173021 173022 173023 173024 173025 173026 173027 173028 173029 173030
295 174011 174012 174013 174014 174015 174016 174017 174018 174019 174020
296 174021 174022 174023 174024 174025 174026 174027 174028 174029 174030
297 175011 175012 175013 175014 175015 175016 175017 175018 175019 175020
298 175021 175022 175023 175024 175025 175026 175027 175028 175029 175030
299 176011 176012 176013 176014 176015 176016 176017 176018 176019 176020
300 176021 176022 176023 176024 176025 176026 176027 176028 176029 176030
301 177011 177012 177013 177014 177015 177016 177017 177018 177019 177020
302 177021 177022 177023 177024 177025 177026 177027 177028 177029 177030
303 178011 178012 178013 178014 178015 178016 178017 178018 178019 178020
304 178021 178022 178023 178024 178025 178026 178027 178028 178029 178030
305 179011 179012 179013 179014 179015 179016 179017 179018 179019 179020
306 179021 179022 179023 179024 179025 179026 179027 179028 179029 179030
307 17a011 17a012 17a013 17a014 17a015 17a016 17a017 17a018 17a019 17a020
308 17a021 17a022 17a023 17a024 17a025 17a026 17a027 17a028 17a029 17a030
309 17b011 17b012 17b013 17b014 17b015 17b016 17b017 17b018 17b019 17b020
310 17b021 17b022 17b023 17b024 17b025 17b026 17b027 17b028 17b029 17b030
311 17c011 17c012 17c013 17c014 17c015 17c016 17c017 17c018 17c019 17c020
312 17c021 17c022 17c023 17c024 17c025 17c026 17c027 17c028 17c029 17c030
313 17d011 17d012 17d013 17d014 17d015 17d016 17d017 17d018 17d019 17d020
314 17d021 17d022 17d023 17d024 17d025 17d026 17d027 17d028 17d029 17d030
315 17e011 17e012 17e013 17e014 17e015 17e016 17e017 17e018 17e019 17e020
316 17e021 17e022 17e023 17e024 17e025 17e026 17e027 17e028 17e029 17e030
317 17f011 17f012 17f013 17f014 17f015 17f016 17f017 17f018 17f019 17f020
318 17f021 17f022 17f023 17f024 17f025 17f026 17f027 17f028 17f029 17f030
319 180011 180012 180013 180014 180015 180016 180017 180018 180019 180020
320 180021 180022 180023 180024 180025 180026 180027 180028 180029 180030
321 181011 181012 181013 181014 181015 181016 181017 181018 181019 181020
322 181021 181022 181023 181024 181025 181026 181027 181028 181029 181030
323 182011 182012 182013 182014 182015 182016 182017 182018 182019 182020
324 182021 182022 182023 182024 182025 182026 182027 182028 182029 182030
325 183011 183012 183013 183014 183015 183016 183017 183018 183019 183020
326 183021 183022 183023 183024 183025 183026 183027 183028 183029 183030
327 184011 184012 184013 184014 184015 184016 184017 184018 184019 184020
328 184021 184022 184023 184024 184025 184026 184027 184028 184029 184030
329 185011 185012 185013 185014 185015 185016 185017 185018 185019 185020
330 185021 185022 185023 185024 185025 185026 185027 185028 185029 185030
331 186011 186012 186013 186014 186015 186016 186017 186018 186019 186020
332 186021 186022 186023 186024 186025 186026 186027 186028 186029 186030
333 187011 187012 187013 187014 187015 187016 187017 187018 187019 187020
334 187021 187022 187023 187024 187025 187026 187027 187028 187029 187030
335 188011 188012 188013 188014 188015 188016 188017 188018 188019 188020
336 188021 188022 188023 188024 188025 188026 188027 188028 188029 188030
337 189011 189012 189013 189014 189015 189016 189017 189018 189019 189020
338 189021 189022 189023 189024 189025 189026 189027 189028 189029 189030
339 18a011 18a012 18a013 18a014 18a015 18a016 18a017 18a018 18a019 18a020
340 18a021 18a022 18a023 18a024 18a025 18a026 18a027 18a028 18a029 18a030
341 18b011 18b012 18b013 18b014 18b015 18b016 18b017 18b018 18b019 18b020
342 18b021 18b022 18b023 18b024 18b025 18b026 18b027 18b028 18b029 18b030
343 18c011 18c012 18c013 18c014 18c015 18c016 18c017 18c018 18c019 18c020
344 18c021 18c022 18c023 18c024 18c025 18c026 18c027 18c028 18c029 18c030
345 18d011 18d012 18d013 18d014 18d015 18d016 18d017 18d018 18d019 18d020
346 18d021 18d022 18d023 18d024 18d025 18d026 18d027 18d028 18d029 18d030
347 18e011 18e012 18e013 18e014 18e015 18e016 18e017 18e018 18e019 18e020
348 18e021 18e022 18e023 18e024 18e025 18e026 18e027 18e028 18e029 18e030
349 18f011 18f012 18f013 18f014 18f015 18f016 18f017 18f018 18f019 18f020
350 18f021 18f022 18f023 18f024 18f025 18f026 18f027 18f028 18f029 18f030
