1 701001 701002 701003 701004 701005 701006 701007 701008 701009 701010
2 702001 702002 702003 702004 702005 702006 702007 702008 702009 702010
3 703001 703002 703003 703004 703005 703006 703007 703008 703009 703010
4 704001 704002 704003 704004 704005 704006 704007 704008 704009 704010
5 705001 705002 705003 705004 705005 705006 705007 705008 705009 705010
6 706001 706002 706003 706004 706005 706006 706007 706008 706009 706010
7 707001 707002 707003 707004 707005 707006 707007 707008 707009 707010
8 708001 708002 708003 708004 708005 708006 708007 708008 708009 708010
9 709001 709002 709003 709004 709005 709006 709007 709008 709009 709010
10 710001 710002 710003 710004 710005 710006 710007 710008 710009 710010
11 711001 711002 711003 711004 711005 711006 711007 711008 711009 711010
12 712001 712002 712003 712004 712005 712006 712007 712008 712009 712010
13 713001 713002 713003 713004 713005 713006 713007 713008 713009 713010
14 714001 714002 714003 714004 714005 714006 714007 714008 714009 714010
15 715001 715002 715003 715004 715005 715006 715007 715008 715009 715010
16 716001 716002 716003 716004 716005 716006 716007 716008 716009 716010
17 717001 717002 717003 717004 717005 717006 717007 717008 717009 717010
18 718001 718002 718003 718004 718005 718006 718007 718008 718009 718010
19 719001 719002 719003 719004 719005 719006 719007 719008 719009 719010
20 720001 720002 720003 720004 720005 720006 720007 720008 720009 720010
21 721001 721002 721003 721004 721005 721006 721007 721008 721009 721010
22 722001 722002 722003 722004 722005 722006 722007 722008 722009 722010
23 723001 723002 723003 723004 723005 723006 723007 723008 723009 723010
24 724001 724002 724003 724004 724005 724006 724007 724008 724009 724010
25 725001 725002 725003 725004 725005 725006 725007 725008 725009 725010
26 726001 726002 726003 726004 726005 726006 726007 726008 726009 726010
27 727001 727002 727003 727004 727005 727006 727007 727008 727009 727010
28 728001 728002 728003 728004 728005 728006 728007 728008 728009 728010
29 729001 729002 729003 729004 729005 729006 729007 729008 729009 729010
30 730001 730002 730003 730004 730005 730006 730007 730008 730009 730010
31 731001 731002 731003 731004 731005 731006 731007 731008 731009 731010
32 732001 732002 732003 732004 732005 732006 732007 732008 732009 732010
33 733001 733002 733003 733004 733005 733006 733007 733008 733009 733010
34 734001 734002 734003 734004 734005 734006 734007 734008 734009 734010
35 735001 735002 735003 735004 735005 735006 735007 735008 735009 735010
36 736001 736002 736003 736004 736005 736006 736007 736008 736009 736010
37 737001 737002 737003 737004 737005 737006 737007 737008 737009 737010
38 738001 738002 738003 738004 738005 738006 738007 738008 738009 738010
39 739001 739002 739003 739004 739005 739006 739007 739008 739009 739010
40 740001 740002 740003 740004 740005 740006 740007 740008 740009 740010
41 741001 741002 741003 741004 741005 741006 741007 741008 741009 741010
42 742001 742002 742003 742004 742005 742006 742007 742008 742009 742010
43 743001 743002 743003 743004 743005 743006 743007 743008 743009 743010
44 744001 744002 744003 744004 744005 744006 744007 744008 744009 744010
45 745001 745002 745003 745004 745005 745006 745007 745008 745009 745010
46 746001 746002 746003 746004 746005 746006 746007 746008 746009 746010
47 747001 747002 747003 747004 747005 747006 747007 747008 747009 747010
48 748001 748002 748003 748004 748005 748006 748007 748008 748009 748010
49 749001 749002 749003 749004 749005 749006 749007 749008 749009 749010
50 750001 750002 750003 750004 750005 750006 750007 750008 750009 750010
51 751001 751002 751003 751004 751005 751006 751007 751008 751009 751010
52 752001 752002 752003 752004 752005 752006 752007 752008 752009 752010
53 753001 753002 753003 753004 753005 753006 753007 753008 753009 753010
54 754001 754002 754003 754004 754005 754006 754007 754008 754009 754010
55 755001 755002 755003 755004 755005 755006 755007 755008 755009 755010
56 756001 756002 756003 756004 756005 756006 756007 756008 756009 756010
57 757001 757002 757003 757004 757005 757006 757007 757008 757009 757010
58 758001 758002 758003 758004 758005 758006 758007 758008 758009 758010
59 759001 759002 759003 759004 759005 759006 759007 759008 759009 759010
60 760001 760002 760003 760004 760005 760006 760007 760008 760009 760010
61 761001 761002 761003 761004 761005 761006 761007 761008 761009 761010
62 762001 762002 762003 762004 762005 762006 762007 762008 762009 762010
63 763001 763002 763003 763004 763005 763006 763007 763008 763009 763010
64 764001 764002 764003 764004 764005 764006 764007 764008 764009 764010
65 701011 701012 701013 701014 701015 701016 701017 701018 701019 701020
66 701021 701022 701023 701024 701025 701026 701027 701028 701029 701030
67 702011 702012 702013 702014 702015 702016 702017 702018 702019 702020
68 702021 702022 702023 702024 702025 702026 702027 702028 702029 702030
69 703011 703012 703013 703014 703015 703016 703017 703018 703019 703020
70 703021 703022 703023 703024 703025 703026 703027 703028 703029 703030
71 704011 704012 704013 704014 704015 704016 704017 704018 704019 704020
72 704021 704022 704023 704024 704025 704026 704027 704028 704029 704030
73 705011 705012 705013 705014 705015 705016 705017 705018 705019 705020
74 705021 705022 705023 705024 705025 705026 705027 705028 705029 705030
75 706011 706012 706013 706014 706015 706016 706017 706018 706019 706020
76 706021 706022 706023 706024 706025 706026 706027 706028 706029 706030
77 707011 707012 707013 707014 707015 707016 707017 707018 707019 707020
78 707021 707022 707023 707024 707025 707026 707027 707028 707029 707030
79 708011 708012 708013 708014 708015 708016 708017 708018 708019 708020
80 708021 708022 708023 708024 708025 708026 708027 708028 708029 708030
81 709011 709012 709013 709014 709015 709016 709017 709018 709019 709020
82 709021 709022 709023 709024 709025 709026 709027 709028 709029 709030
83 70a011 70a012 70a013 70a014 70a015 70a016 70a017 70a018 70a019 70a020
84 70a021 70a022 70a023 70a024 70a025 70a026 70a027 70a028 70a029 70a030
85 70b011 70b012 70b013 70b014 70b015 70b016 70b017 70b018 70b019 70b020
86 70b021 70b022 70b023 70b024 70b025 70b026 70b027 70b028 70b029 70b030
87 70c011 70c012 70c013 70c014 70c015 70c016 70c017 70c018 70c019 70c020
88 70c021 70c022 70c023 70c024 70c025 70c026 70c027 70c028 70c029 70c030
89 70d011 70d012 70d013 70d014 70d015 70d016 70d017 70d018 70d019 70d020
90 70d021 70d022 70d023 70d024 70d025 70d026 70d027 70d028 70d029 70d030
91 70e011 70e012 70e013 70e014 70e015 70e016 70e017 70e018 70e019 70e020
92 70e021 70e022 70e023 70e024 70e025 70e026 70e027 70e028 70e029 70e030
93 70f011 70f012 70f013 70f014 70f015 70f016 70f017 70f018 70f019 70f020
94 70f021 70f022 70f023 70f024 70f025 70f026 70f027 70f028 70f029 70f030
95 710011 710012 710013 710014 710015 710016 710017 710018 710019 710020
96 710021 710022 710023 710024 710025 710026 710027 710028 710029 710030
97 711011 711012 711013 711014 711015 711016 711017 711018 711019 711020
98 711021 711022 711023 711024 711025 711026 711027 711028 711029 711030
99 712011 712012 712013 712014 712015 712016 712017 712018 712019 712020
100 712021 712022 712023 712024 712025 712026 712027 712028 712029 712030
101 713011 713012 713013 713014 713015 713016 713017 713018 713019 713020
102 713021 713022 713023 713024 713025 713026 713027 713028 713029 713030
103 714011 714012 714013 714014 714015 714016 714017 714018 714019 714020
104 714021 714022 714023 714024 714025 714026 714027 714028 714029 714030
105 715011 715012 715013 715014 715015 715016 715017 715018 715019 715020
106 715021 715022 715023 715024 715025 715026 715027 715028 715029 715030
107 716011 716012 716013 716014 716015 716016 716017 716018 716019 716020
108 716021 716022 716023 716024 716025 716026 716027 716028 716029 716030
109 717011 717012 717013 717014 717015 717016 717017 717018 717019 717020
110 717021 717022 717023 717024 717025 717026 717027 717028 717029 717030
111 718011 718012 718013 718014 718015 718016 718017 718018 718019 718020
112 718021 718022 718023 718024 718025 718026 718027 718028 718029 718030
113 719011 719012 719013 719014 719015 719016 719017 719018 719019 719020
114 719021 719022 719023 719024 719025 719026 719027 719028 719029 719030
115 71a011 71a012 71a013 71a014 71a015 71a016 71a017 71a018 71a019 71a020
116 71a021 71a022 71a023 71a024 71a025 71a026 71a027 71a028 71a029 71a030
117 71b011 71b012 71b013 71b014 71b015 71b016 71b017 71b018 71b019 71b020
118 71b021 71b022 71b023 71b024 71b025 71b026 71b027 71b028 71b029 71b030
119 71c011 71c012 71c013 71c014 71c015 71c016 71c017 71c018 71c019 71c020
120 71c021 71c022 71c023 71c024 71c025 71c026 71c027 71c028 71c029 71c030
121 71d011 71d012 71d013 71d014 71d015 71d016 71d017 71d018 71d019 71d020
122 71d021 71d022 71d023 71d024 71d025 71d026 71d027 71d028 71d029 71d030
123 71e011 71e012 71e013 71e014 71e015 71e016 71e017 71e018 71e019 71e020
124 71e021 71e022 71e023 71e024 71e025 71e026 71e027 71e028 71e029 71e030
125 71f011 71f012 71f013 71f014 71f015 71f016 71f017 71f018 71f019 71f020
126 71f021 71f022 71f023 71f024 71f025 71f026 71f027 71f028 71f029 71f030
127 720011 720012 720013 720014 720015 720016 720017 720018 720019 720020
128 720021 720022 720023 720024 720025 720026 720027 720028 720029 720030
129 721011 721012 721013 721014 721015 721016 721017 721018 721019 721020
130 721021 721022 721023 721024 721025 721026 721027 721028 721029 721030
131 722011 722012 722013 722014 722015 722016 722017 722018 722019 722020
132 722021 722022 722023 722024 722025 722026 722027 722028 722029 722030
133 723011 723012 723013 723014 723015 723016 723017 723018 723019 723020
134 723021 723022 723023 723024 723025 723026 723027 723028 723029 723030
135 724011 724012 724013 724014 724015 724016 724017 724018 724019 724020
136 724021 724022 724023 724024 724025 724026 724027 724028 724029 724030
137 725011 725012 725013 725014 725015 725016 725017 725018 725019 725020
138 725021 725022 725023 725024 725025 725026 725027 725028 725029 725030
139 726011 726012 726013 726014 726015 726016 726017 726018 726019 726020
140 726021 726022 726023 726024 726025 726026 726027 726028 726029 726030
141 727011 727012 727013 727014 727015 727016 727017 727018 727019 727020
142 727021 727022 727023 727024 727025 727026 727027 727028 727029 727030
143 728011 728012 728013 728014 728015 728016 728017 728018 728019 728020
144 728021 728022 728023 728024 728025 728026 728027 728028 728029 728030
145 729011 729012 729013 729014 729015 729016 729017 729018 729019 729020
146 729021 729022 729023 729024 729025 729026 729027 729028 729029 729030
147 72a011 72a012 72a013 72a014 72a015 72a016 72a017 72a018 72a019 72a020
148 72a021 72a022 72a023 72a024 72a025 72a026 72a027 72a028 72a029 72a030
149 72b011 72b012 72b013 72b014 72b015 72b016 72b017 72b018 72b019 72b020
150 72b021 72b022 72b023 72b024 72b025 72b026 72b027 72b028 72b029 72b030
151 72c011 72c012 72c013 72c014 72c015 72c016 72c017 72c018 72c019 72c020
152 72c021 72c022 72c023 72c024 72c025 72c026 72c027 72c028 72c029 72c030
153 72d011 72d012 72d013 72d014 72d015 72d016 72d017 72d018 72d019 72d020
154 72d021 72d022 72d023 72d024 72d025 72d026 72d027 72d028 72d029 72d030
155 72e011 72e012 72e013 72e014 72e015 72e016 72e017 72e018 72e019 72e020
156 72e021 72e022 72e023 72e024 72e025 72e026 72e027 72e028 72e029 72e030
157 72f011 72f012 72f013 72f014 72f015 72f016 72f017 72f018 72f019 72f020
158 72f021 72f022 72f023 72f024 72f025 72f026 72f027 72f028 72f029 72f030
159 730011 730012 730013 730014 730015 730016 730017 730018 730019 730020
160 730021 730022 730023 730024 730025 730026 730027 730028 730029 730030
161 731011 731012 731013 731014 731015 731016 731017 731018 731019 731020
162 731021 731022 731023 731024 731025 731026 731027 731028 731029 731030
163 732011 732012 732013 732014 732015 732016 732017 732018 732019 732020
164 732021 732022 732023 732024 732025 732026 732027 732028 732029 732030
165 733011 733012 733013 733014 733015 733016 733017 733018 733019 733020
166 733021 733022 733023 733024 733025 733026 733027 733028 733029 733030
167 734011 734012 734013 734014 734015 734016 734017 734018 734019 734020
168 734021 734022 734023 734024 734025 734026 734027 734028 734029 734030
169 735011 735012 735013 735014 735015 735016 735017 735018 735019 735020
170 735021 735022 735023 735024 735025 735026 735027 735028 735029 735030
171 736011 736012 736013 736014 736015 736016 736017 736018 736019 736020
172 736021 736022 736023 736024 736025 736026 736027 736028 736029 736030
173 737011 737012 737013 737014 737015 737016 737017 737018 737019 737020
174 737021 737022 737023 737024 737025 737026 737027 737028 737029 737030
175 738011 738012 738013 738014 738015 738016 738017 738018 738019 738020
176 738021 738022 738023 738024 738025 738026 738027 738028 738029 738030
177 739011 739012 739013 739014 739015 739016 739017 739018 739019 739020
178 739021 739022 739023 739024 739025 739026 739027 739028 739029 739030
179 73a011 73a012 73a013 73a014 73a015 73a016 73a017 73a018 73a019 73a020
180 73a021 73a022 73a023 73a024 73a025 73a026 73a027 73a028 73a029 73a030
181 73b011 73b012 73b013 73b014 73b015 73b016 73b017 73b018 73b019 73b020
182 73b021 73b022 73b023 73b024 73b025 73b026 73b027 73b028 73b029 73b030
183 73c011 73c012 73c013 73c014 73c015 73c016 73c017 73c018 73c019 73c020
184 73c021 73c022 73c023 73c024 73c025 73c026 73c027 73c028 73c029 73c030
185 73d011 73d012 73d013 73d014 73d015 73d016 73d017 73d018 73d019 73d020
186 73d021 73d022 73d023 73d024 73d025 73d026 73d027 73d028 73d029 73d030
187 73e011 73e012 73e013 73e014 73e015 73e016 73e017 73e018 73e019 73e020
188 73e021 73e022 73e023 73e024 73e025 73e026 73e027 73e028 73e029 73e030
189 73f011 73f012 73f013 73f014 73f015 73f016 73f017 73f018 73f019 73f020
190 73f021 73f022 73f023 73f024 73f025 73f026 73f027 73f028 73f029 73f030
191 740011 740012 740013 740014 740015 740016 740017 740018 740019 740020
192 740021 740022 740023 740024 740025 740026 740027 740028 740029 740030
193 741011 741012 741013 741014 741015 741016 741017 741018 741019 741020
194 741021 741022 741023 741024 741025 741026 741027 741028 741029 741030
195 742011 742012 742013 742014 742015 742016 742017 742018 742019 742020
196 742021 742022 742023 742024 742025 742026 742027 742028 742029 742030
197 743011 743012 743013 743014 743015 743016 743017 743018 743019 743020
198 743021 743022 743023 743024 743025 743026 743027 743028 743029 743030
199 744011 744012 744013 744014 744015 744016 744017 744018 744019 744020
200 744021 744022 744023 744024 744025 744026 744027 744028 744029 744030
201 745011 745012 745013 745014 745015 745016 745017 745018 745019 745020
202 745021 745022 745023 745024 745025 745026 745027 745028 745029 745030
203 746011 746012 746013 746014 746015 746016 746017 746018 746019 746020
204 746021 746022 746023 746024 746025 746026 746027 746028 746029 746030
205 747011 747012 747013 747014 747015 747016 747017 747018 747019 747020
206 747021 747022 747023 747024 747025 747026 747027 747028 747029 747030
207 748011 748012 748013 748014 748015 748016 748017 748018 748019 748020
208 748021 748022 748023 748024 748025 748026 748027 748028 748029 748030
209 749011 749012 749013 749014 749015 749016 749017 749018 749019 749020
210 749021 749022 749023 749024 749025 749026 749027 749028 749029 749030
211 74a011 74a012 74a013 74a014 74a015 74a016 74a017 74a018 74a019 74a020
212 74a021 74a022 74a023 74a024 74a025 74a026 74a027 74a028 74a029 74a030
213 74b011 74b012 74b013 74b014 74b015 74b016 74b017 74b018 74b019 74b020
214 74b021 74b022 74b023 74b024 74b025 74b026 74b027 74b028 74b029 74b030
215 74c011 74c012 74c013 74c014 74c015 74c016 74c017 74c018 74c019 74c020
216 74c021 74c022 74c023 74c024 74c025 74c026 74c027 74c028 74c029 74c030
217 74d011 74d012 74d013 74d014 74d015 74d016 74d017 74d018 74d019 74d020
218 74d021 74d022 74d023 74d024 74d025 74d026 74d027 74d028 74d029 74d030
219 74e011 74e012 74e013 74e014 74e015 74e016 74e017 74e018 74e019 74e020
220 74e021 74e022 74e023 74e024 74e025 74e026 74e027 74e028 74e029 74e030
221 74f011 74f012 74f013 74f014 74f015 74f016 74f017 74f018 74f019 74f020
222 74f021 74f022 74f023 74f024 74f025 74f026 74f027 74f028 74f029 74f030
223 750011 750012 750013 750014 750015 750016 750017 750018 750019 750020
224 750021 750022 750023 750024 750025 750026 750027 750028 750029 750030
225 751011 751012 751013 751014 751015 751016 751017 751018 751019 751020
226 751021 751022 751023 751024 751025 751026 751027 751028 751029 751030
227 752011 752012 752013 752014 752015 752016 752017 752018 752019 752020
228 752021 752022 752023 752024 752025 752026 752027 752028 752029 752030
229 753011 753012 753013 753014 753015 753016 753017 753018 753019 753020
230 753021 753022 753023 753024 753025 753026 753027 753028 753029 753030
231 754011 754012 754013 754014 754015 754016 754017 754018 754019 754020
232 754021 754022 754023 754024 754025 754026 754027 754028 754029 754030
233 755011 755012 755013 755014 755015 755016 755017 755018 755019 755020
234 755021 755022 755023 755024 755025 755026 755027 755028 755029 755030
235 756011 756012 756013 756014 756015 756016 756017 756018 756019 756020
236 756021 756022 756023 756024 756025 756026 756027 756028 756029 756030
237 757011 757012 757013 757014 757015 757016 757017 757018 757019 757020
238 757021 757022 757023 757024 757025 757026 757027 757028 757029 757030
239 758011 758012 758013 758014 758015 758016 758017 758018 758019 758020
240 758021 758022 758023 758024 758025 758026 758027 758028 758029 758030
241 759011 759012 759013 759014 759015 759016 759017 759018 759019 759020
242 759021 759022 759023 759024 759025 759026 759027 759028 759029 759030
243 75a011 75a012 75a013 75a014 75a015 75a016 75a017 75a018 75a019 75a020
244 75a021 75a022 75a023 75a024 75a025 75a026 75a027 75a028 75a029 75a030
245 75b011 75b012 75b013 75b014 75b015 75b016 75b017 75b018 75b019 75b020
246 75b021 75b022 75b023 75b024 75b025 75b026 75b027 75b028 75b029 75b030
247 75c011 75c012 75c013 75c014 75c015 75c016 75c017 75c018 75c019 75c020
248 75c021 75c022 75c023 75c024 75c025 75c026 75c027 75c028 75c029 75c030
249 75d011 75d012 75d013 75d014 75d015 75d016 75d017 75d018 75d019 75d020
250 75d021 75d022 75d023 75d024 75d025 75d026 75d027 75d028 75d029 75d030
251 75e011 75e012 75e013 75e014 75e015 75e016 75e017 75e018 75e019 75e020
252 75e021 75e022 75e023 75e024 75e025 75e026 75e027 75e028 75e029 75e030
253 75f011 75f012 75f013 75f014 75f015 75f016 75f017 75f018 75f019 75f020
254 75f021 75f022 75f023 75f024 75f025 75f026 75f027 75f028 75f029 75f030
255 760011 760012 760013 760014 760015 760016 760017 760018 760019 760020
256 760021 760022 760023 760024 760025 760026 760027 760028 760029 760030
257 761011 761012 761013 761014 761015 761016 761017 761018 761019 761020
258 761021 761022 761023 761024 761025 761026 761027 761028 761029 761030
259 762011 762012 762013 762014 762015 762016 762017 762018 762019 762020
260 762021 762022 762023 762024 762025 762026 762027 762028 762029 762030
261 763011 763012 763013 763014 763015 763016 763017 763018 763019 763020
262 763021 763022 763023 763024 763025 763026 763027 763028 763029 763030
263 764011 764012 764013 764014 764015 764016 764017 764018 764019 764020
264 764021 764022 764023 764024 764025 764026 764027 764028 764029 764030
265 765011 765012 765013 765014 765015 765016 765017 765018 765019 765020
266 765021 765022 765023 765024 765025 765026 765027 765028 765029 765030
267 766011 766012 766013 766014 766015 766016 766017 766018 766019 766020
268 766021 766022 766023 766024 766025 766026 766027 766028 766029 766030
269 767011 767012 767013 767014 767015 767016 767017 767018 767019 767020
270 767021 767022 767023 767024 767025 767026 767027 767028 767029 767030
271 768011 768012 768013 768014 768015 768016 768017 768018 768019 768020
272 768021 768022 768023 768024 768025 768026 768027 768028 768029 768030
273 769011 769012 769013 769014 769015 769016 769017 769018 769019 769020
274 769021 769022 769023 769024 769025 769026 769027 769028 769029 769030
275 76a011 76a012 76a013 76a014 76a015 76a016 76a017 76a018 76a019 76a020
276 76a021 76a022 76a023 76a024 76a025 76a026 76a027 76a028 76a029 76a030
277 76b011 76b012 76b013 76b014 76b015 76b016 76b017 76b018 76b019 76b020
278 76b021 76b022 76b023 76b024 76b025 76b026 76b027 76b028 76b029 76b030
279 76c011 76c012 76c013 76c014 76c015 76c016 76c017 76c018 76c019 76c020
280 76c021 76c022 76c023 76c024 76c025 76c026 76c027 76c028 76c029 76c030
281 76d011 76d012 76d013 76d014 76d015 76d016 76d017 76d018 76d019 76d020
282 76d021 76d022 76d023 76d024 76d025 76d026 76d027 76d028 76d029 76d030
283 76e011 76e012 76e013 76e014 76e015 76e016 76e017 76e018 76e019 76e020
284 76e021 76e022 76e023 76e024 76e025 76e026 76e027 76e028 76e029 76e030
285 76f011 76f012 76f013 76f014 76f015 76f016 76f017 76f018 76f019 76f020
286 76f021 76f022 76f023 76f024 76f025 76f026 76f027 76f028 76f029 76f030
287 770011 770012 770013 770014 770015 770016 770017 770018 770019 770020
288 770021 770022 770023 770024 770025 770026 770027 770028 770029 770030
289 771011 771012 771013 771014 771015 771016 771017 771018 771019 771020
290 771021 771022 771023 771024 771025 771026 771027 771028 771029 771030
291 772011 772012 772013 772014 772015 772016 772017 772018 772019 772020
292 772021 772022 772023 772024 772025 772026 772027 772028 772029 772030
293 773011 773012 773013 773014 773015 773016 773017 773018 773019 773020
294 773021 773022 773023 773024 773025 773026 773027 773028 773029 773030
295 774011 774012 774013 774014 774015 774016 774017 774018 774019 774020
296 774021 774022 774023 774024 774025 774026 774027 774028 774029 774030
297 775011 775012 775013 775014 775015 775016 775017 775018 775019 775020
298 775021 775022 775023 775024 775025 775026 775027 775028 775029 775030
299 776011 776012 776013 776014 776015 776016 776017 776018 776019 776020
300 776021 776022 776023 776024 776025 776026 776027 776028 776029 776030
301 777011 777012 777013 777014 777015 777016 777017 777018 777019 777020
302 777021 777022 777023 777024 777025 777026 777027 777028 777029 777030
303 778011 778012 778013 778014 778015 778016 778017 778018 778019 778020
304 778021 778022 778023 778024 778025 778026 778027 778028 778029 778030
305 779011 779012 779013 779014 779015 779016 779017 779018 779019 779020
306 779021 779022 779023 779024 779025 779026 779027 779028 779029 779030
307 77a011 77a012 77a013 77a014 77a015 77a016 77a017 77a018 77a019 77a020
308 77a021 77a022 77a023 77a024 77a025 77a026 77a027 77a028 77a029 77a030
309 77b011 77b012 77b013 77b014 77b015 77b016 77b017 77b018 77b019 77b020
310 77b021 77b022 77b023 77b024 77b025 77b026 77b027 77b028 77b029 77b030
311 77c011 77c012 77c013 77c014 77c015 77c016 77c017 77c018 77c019 77c020
312 77c021 77c022 77c023 77c024 77c025 77c026 77c027 77c028 77c029 77c030
313 77d011 77d012 77d013 77d014 77d015 77d016 77d017 77d018 77d019 77d020
314 77d021 77d022 77d023 77d024 77d025 77d026 77d027 77d028 77d029 77d030
315 77e011 77e012 77e013 77e014 77e015 77e016 77e017 77e018 77e019 77e020
316 77e021 77e022 77e023 77e024 77e025 77e026 77e027 77e028 77e029 77e030
317 77f011 77f012 77f013 77f014 77f015 77f016 77f017 77f018 77f019 77f020
318 77f021 77f022 77f023 77f024 77f025 77f026 77f027 77f028 77f029 77f030
319 780011 780012 780013 780014 780015 780016 780017 780018 780019 780020
320 780021 780022 780023 780024 780025 780026 780027 780028 780029 780030
321 781011 781012 781013 781014 781015 781016 781017 781018 781019 781020
322 781021 781022 781023 781024 781025 781026 781027 781028 781029 781030
323 782011 782012 782013 782014 782015 782016 782017 782018 782019 782020
324 782021 782022 782023 782024 782025 782026 782027 782028 782029 782030
325 783011 783012 783013 783014 783015 783016 783017 783018 783019 783020
326 783021 783022 783023 783024 783025 783026 783027 783028 783029 783030
327 784011 784012 784013 784014 784015 784016 784017 784018 784019 784020
328 784021 784022 784023 784024 784025 784026 784027 784028 784029 784030
329 785011 785012 785013 785014 785015 785016 785017 785018 785019 785020
330 785021 785022 785023 785024 785025 785026 785027 785028 785029 785030
331 786011 786012 786013 786014 786015 786016 786017 786018 786019 786020
332 786021 786022 786023 786024 786025 786026 786027 786028 786029 786030
333 787011 787012 787013 787014 787015 787016 787017 787018 787019 787020
334 787021 787022 787023 787024 787025 787026 787027 787028 787029 787030
335 788011 788012 788013 788014 788015 788016 788017 788018 788019 788020
336 788021 788022 788023 788024 788025 788026 788027 788028 788029 788030
337 789011 789012 789013 789014 789015 789016 789017 789018 789019 789020
338 789021 789022 789023 789024 789025 789026 789027 789028 789029 789030
339 78a011 78a012 78a013 78a014 78a015 78a016 78a017 78a018 78a019 78a020
340 78a021 78a022 78a023 78a024 78a025 78a026 78a027 78a028 78a029 78a030
341 78b011 78b012 78b013 78b014 78b015 78b016 78b017 78b018 78b019 78b020
342 78b021 78b022 78b023 78b024 78b025 78b026 78b027 78b028 78b029 78b030
343 78c011 78c012 78c013 78c014 78c015 78c016 78c017 78c018 78c019 78c020
344 78c021 78c022 78c023 78c024 78c025 78c026 78c027 78c028 78c029 78c030
345 78d011 78d012 78d013 78d014 78d015 78d016 78d017 78d018 78d019 78d020
346 78d021 78d022 78d023 78d024 78d025 78d026 78d027 78d028 78d029 78d030
347 78e011 78e012 78e013 78e014 78e015 78e016 78e017 78e018 78e019 78e020
348 78e021 78e022 78e023 78e024 78e025 78e026 78e027 78e028 78e029 78e030
349 78f011 78f012 78f013 78f014 78f015 78f016 78f017 78f018 78f019 78f020
350 78f021 78f022 78f023 78f024 78f025 78f026 78f027 78f028 78f029 78f030
