1 501001 501002 501003 501004 501005 501006 501007 501008 501009 501010
2 502001 502002 502003 502004 502005 502006 502007 502008 502009 502010
3 503001 503002 503003 503004 503005 503006 503007 503008 503009 503010
4 504001 504002 504003 504004 504005 504006 504007 504008 504009 504010
5 505001 505002 505003 505004 505005 505006 505007 505008 505009 505010
6 506001 506002 506003 506004 506005 506006 506007 506008 506009 506010
7 507001 507002 507003 507004 507005 507006 507007 507008 507009 507010
8 508001 508002 508003 508004 508005 508006 508007 508008 508009 508010
9 509001 509002 509003 509004 509005 509006 509007 509008 509009 509010
10 510001 510002 510003 510004 510005 510006 510007 510008 510009 510010
11 511001 511002 511003 511004 511005 511006 511007 511008 511009 511010
12 512001 512002 512003 512004 512005 512006 512007 512008 512009 512010
13 513001 513002 513003 513004 513005 513006 513007 513008 513009 513010
14 514001 514002 514003 514004 514005 514006 514007 514008 514009 514010
15 515001 515002 515003 515004 515005 515006 515007 515008 515009 515010
16 516001 516002 516003 516004 516005 516006 516007 516008 516009 516010
17 517001 517002 517003 517004 517005 517006 517007 517008 517009 517010
18 518001 518002 518003 518004 518005 518006 518007 518008 518009 518010
19 519001 519002 519003 519004 519005 519006 519007 519008 519009 519010
20 520001 520002 520003 520004 520005 520006 520007 520008 520009 520010
21 521001 521002 521003 521004 521005 521006 521007 521008 521009 521010
22 522001 522002 522003 522004 522005 522006 522007 522008 522009 522010
23 523001 523002 523003 523004 523005 523006 523007 523008 523009 523010
24 524001 524002 524003 524004 524005 524006 524007 524008 524009 524010
25 525001 525002 525003 525004 525005 525006 525007 525008 525009 525010
26 526001 526002 526003 526004 526005 526006 526007 526008 526009 526010
27 527001 527002 527003 527004 527005 527006 527007 527008 527009 527010
28 528001 528002 528003 528004 528005 528006 528007 528008 528009 528010
29 529001 529002 529003 529004 529005 529006 529007 529008 529009 529010
30 530001 530002 530003 530004 530005 530006 530007 530008 530009 530010
31 531001 531002 531003 531004 531005 531006 531007 531008 531009 531010
32 532001 532002 532003 532004 532005 532006 532007 532008 532009 532010
33 533001 533002 533003 533004 533005 533006 533007 533008 533009 533010
34 534001 534002 534003 534004 534005 534006 534007 534008 534009 534010
35 535001 535002 535003 535004 535005 535006 535007 535008 535009 535010
36 536001 536002 536003 536004 536005 536006 536007 536008 536009 536010
37 537001 537002 537003 537004 537005 537006 537007 537008 537009 537010
38 538001 538002 538003 538004 538005 538006 538007 538008 538009 538010
39 539001 539002 539003 539004 539005 539006 539007 539008 539009 539010
40 540001 540002 540003 540004 540005 540006 540007 540008 540009 540010
41 541001 541002 541003 541004 541005 541006 541007 541008 541009 541010
42 542001 542002 542003 542004 542005 542006 542007 542008 542009 542010
43 543001 543002 543003 543004 543005 543006 543007 543008 543009 543010
44 544001 544002 544003 544004 544005 544006 544007 544008 544009 544010
45 545001 545002 545003 545004 545005 545006 545007 545008 545009 545010
46 546001 546002 546003 546004 546005 546006 546007 546008 546009 546010
47 547001 547002 547003 547004 547005 547006 547007 547008 547009 547010
48 548001 548002 548003 548004 548005 548006 548007 548008 548009 548010
49 549001 549002 549003 549004 549005 549006 549007 549008 549009 549010
50 550001 550002 550003 550004 550005 550006 550007 550008 550009 550010
51 551001 551002 551003 551004 551005 551006 551007 551008 551009 551010
52 552001 552002 552003 552004 552005 552006 552007 552008 552009 552010
53 553001 553002 553003 553004 553005 553006 553007 553008 553009 553010
54 554001 554002 554003 554004 554005 554006 554007 554008 554009 554010
55 555001 555002 555003 555004 555005 555006 555007 555008 555009 555010
56 556001 556002 556003 556004 556005 556006 556007 556008 556009 556010
57 557001 557002 557003 557004 557005 557006 557007 557008 557009 557010
58 558001 558002 558003 558004 558005 558006 558007 558008 558009 558010
59 559001 559002 559003 559004 559005 559006 559007 559008 559009 559010
60 560001 560002 560003 560004 560005 560006 560007 560008 560009 560010
61 561001 561002 561003 561004 561005 561006 561007 561008 561009 561010
62 562001 562002 562003 562004 562005 562006 562007 562008 562009 562010
63 563001 563002 563003 563004 563005 563006 563007 563008 563009 563010
64 564001 564002 564003 564004 564005 564006 564007 564008 564009 564010
65 501011 501012 501013 501014 501015 501016 501017 501018 501019 501020
66 501021 501022 501023 501024 501025 501026 501027 501028 501029 501030
67 502011 502012 502013 502014 502015 502016 502017 502018 502019 502020
68 502021 502022 502023 502024 502025 502026 502027 502028 502029 502030
69 503011 503012 503013 503014 503015 503016 503017 503018 503019 503020
70 503021 503022 503023 503024 503025 503026 503027 503028 503029 503030
71 504011 504012 504013 504014 504015 504016 504017 504018 504019 504020
72 504021 504022 504023 504024 504025 504026 504027 504028 504029 504030
73 505011 505012 505013 505014 505015 505016 505017 505018 505019 505020
74 505021 505022 505023 505024 505025 505026 505027 505028 505029 505030
75 506011 506012 506013 506014 506015 506016 506017 506018 506019 506020
76 506021 506022 506023 506024 506025 506026 506027 506028 506029 506030
77 507011 507012 507013 507014 507015 507016 507017 507018 507019 507020
78 507021 507022 507023 507024 507025 507026 507027 507028 507029 507030
79 508011 508012 508013 508014 508015 508016 508017 508018 508019 508020
80 508021 508022 508023 508024 508025 508026 508027 508028 508029 508030
81 509011 509012 509013 509014 509015 509016 509017 509018 509019 509020
82 509021 509022 509023 509024 509025 509026 509027 509028 509029 509030
83 50a011 50a012 50a013 50a014 50a015 50a016 50a017 50a018 50a019 50a020
84 50a021 50a022 50a023 50a024 50a025 50a026 50a027 50a028 50a029 50a030
85 50b011 50b012 50b013 50b014 50b015 50b016 50b017 50b018 50b019 50b020
86 50b021 50b022 50b023 50b024 50b025 50b026 50b027 50b028 50b029 50b030
87 50c011 50c012 50c013 50c014 50c015 50c016 50c017 50c018 50c019 50c020
88 50c021 50c022 50c023 50c024 50c025 50c026 50c027 50c028 50c029 50c030
89 50d011 50d012 50d013 50d014 50d015 50d016 50d017 50d018 50d019 50d020
90 50d021 50d022 50d023 50d024 50d025 50d026 50d027 50d028 50d029 50d030
91 50e011 50e012 50e013 50e014 50e015 50e016 50e017 50e018 50e019 50e020
92 50e021 50e022 50e023 50e024 50e025 50e026 50e027 50e028 50e029 50e030
93 50f011 50f012 50f013 50f014 50f015 50f016 50f017 50f018 50f019 50f020
94 50f021 50f022 50f023 50f024 50f025 50f026 50f027 50f028 50f029 50f030
95 510011 510012 510013 510014 510015 510016 510017 510018 510019 510020
96 510021 510022 510023 510024 510025 510026 510027 510028 510029 510030
97 511011 511012 511013 511014 511015 511016 511017 511018 511019 511020
98 511021 511022 511023 511024 511025 511026 511027 511028 511029 511030
99 512011 512012 512013 512014 512015 512016 512017 512018 512019 512020
100 512021 512022 512023 512024 512025 512026 512027 512028 512029 512030
101 513011 513012 513013 513014 513015 513016 513017 513018 513019 513020
102 513021 513022 513023 513024 513025 513026 513027 513028 513029 513030
103 514011 514012 514013 514014 514015 514016 514017 514018 514019 514020
104 514021 514022 514023 514024 514025 514026 514027 514028 514029 514030
105 515011 515012 515013 515014 515015 515016 515017 515018 515019 515020
106 515021 515022 515023 515024 515025 515026 515027 515028 515029 515030
107 516011 516012 516013 516014 516015 516016 516017 516018 516019 516020
108 516021 516022 516023 516024 516025 516026 516027 516028 516029 516030
109 517011 517012 517013 517014 517015 517016 517017 517018 517019 517020
110 517021 517022 517023 517024 517025 517026 517027 517028 517029 517030
111 518011 518012 518013 518014 518015 518016 518017 518018 518019 518020
112 518021 518022 518023 518024 518025 518026 518027 518028 518029 518030
113 519011 519012 519013 519014 519015 519016 519017 519018 519019 519020
114 519021 519022 519023 519024 519025 519026 519027 519028 519029 519030
115 51a011 51a012 51a013 51a014 51a015 51a016 51a017 51a018 51a019 51a020
116 51a021 51a022 51a023 51a024 51a025 51a026 51a027 51a028 51a029 51a030
117 51b011 51b012 51b013 51b014 51b015 51b016 51b017 51b018 51b019 51b020
118 51b021 51b022 51b023 51b024 51b025 51b026 51b027 51b028 51b029 51b030
119 51c011 51c012 51c013 51c014 51c015 51c016 51c017 51c018 51c019 51c020
120 51c021 51c022 51c023 51c024 51c025 51c026 51c027 51c028 51c029 51c030
121 51d011 51d012 51d013 51d014 51d015 51d016 51d017 51d018 51d019 51d020
122 51d021 51d022 51d023 51d024 51d025 51d026 51d027 51d028 51d029 51d030
123 51e011 51e012 51e013 51e014 51e015 51e016 51e017 51e018 51e019 51e020
124 51e021 51e022 51e023 51e024 51e025 51e026 51e027 51e028 51e029 51e030
125 51f011 51f012 51f013 51f014 51f015 51f016 51f017 51f018 51f019 51f020
126 51f021 51f022 51f023 51f024 51f025 51f026 51f027 51f028 51f029 51f030
127 520011 520012 520013 520014 520015 520016 520017 520018 520019 520020
128 520021 520022 520023 520024 520025 520026 520027 520028 520029 520030
129 521011 521012 521013 521014 521015 521016 521017 521018 521019 521020
130 521021 521022 521023 521024 521025 521026 521027 521028 521029 521030
131 522011 522012 522013 522014 522015 522016 522017 522018 522019 522020
132 522021 522022 522023 522024 522025 522026 522027 522028 522029 522030
133 523011 523012 523013 523014 523015 523016 523017 523018 523019 523020
134 523021 523022 523023 523024 523025 523026 523027 523028 523029 523030
135 524011 524012 524013 524014 524015 524016 524017 524018 524019 524020
136 524021 524022 524023 524024 524025 524026 524027 524028 524029 524030
137 525011 525012 525013 525014 525015 525016 525017 525018 525019 525020
138 525021 525022 525023 525024 525025 525026 525027 525028 525029 525030
139 526011 526012 526013 526014 526015 526016 526017 526018 526019 526020
140 526021 526022 526023 526024 526025 526026 526027 526028 526029 526030
141 527011 527012 527013 527014 527015 527016 527017 527018 527019 527020
142 527021 527022 527023 527024 527025 527026 527027 527028 527029 527030
143 528011 528012 528013 528014 528015 528016 528017 528018 528019 528020
144 528021 528022 528023 528024 528025 528026 528027 528028 528029 528030
145 529011 529012 529013 529014 529015 529016 529017 529018 529019 529020
146 529021 529022 529023 529024 529025 529026 529027 529028 529029 529030
147 52a011 52a012 52a013 52a014 52a015 52a016 52a017 52a018 52a019 52a020
148 52a021 52a022 52a023 52a024 52a025 52a026 52a027 52a028 52a029 52a030
149 52b011 52b012 52b013 52b014 52b015 52b016 52b017 52b018 52b019 52b020
150 52b021 52b022 52b023 52b024 52b025 52b026 52b027 52b028 52b029 52b030
151 52c011 52c012 52c013 52c014 52c015 52c016 52c017 52c018 52c019 52c020
152 52c021 52c022 52c023 52c024 52c025 52c026 52c027 52c028 52c029 52c030
153 52d011 52d012 52d013 52d014 52d015 52d016 52d017 52d018 52d019 52d020
154 52d021 52d022 52d023 52d024 52d025 52d026 52d027 52d028 52d029 52d030
155 52e011 52e012 52e013 52e014 52e015 52e016 52e017 52e018 52e019 52e020
156 52e021 52e022 52e023 52e024 52e025 52e026 52e027 52e028 52e029 52e030
157 52f011 52f012 52f013 52f014 52f015 52f016 52f017 52f018 52f019 52f020
158 52f021 52f022 52f023 52f024 52f025 52f026 52f027 52f028 52f029 52f030
159 530011 530012 530013 530014 530015 530016 530017 530018 530019 530020
160 530021 530022 530023 530024 530025 530026 530027 530028 530029 530030
161 531011 531012 531013 531014 531015 531016 531017 531018 531019 531020
162 531021 531022 531023 531024 531025 531026 531027 531028 531029 531030
163 532011 532012 532013 532014 532015 532016 532017 532018 532019 532020
164 532021 532022 532023 532024 532025 532026 532027 532028 532029 532030
165 533011 533012 533013 533014 533015 533016 533017 533018 533019 533020
166 533021 533022 533023 533024 533025 533026 533027 533028 533029 533030
167 534011 534012 534013 534014 534015 534016 534017 534018 534019 534020
168 534021 534022 534023 534024 534025 534026 534027 534028 534029 534030
169 535011 535012 535013 535014 535015 535016 535017 535018 535019 535020
170 535021 535022 535023 535024 535025 535026 535027 535028 535029 535030
171 536011 536012 536013 536014 536015 536016 536017 536018 536019 536020
172 536021 536022 536023 536024 536025 536026 536027 536028 536029 536030
173 537011 537012 537013 537014 537015 537016 537017 537018 537019 537020
174 537021 537022 537023 537024 537025 537026 537027 537028 537029 537030
175 538011 538012 538013 538014 538015 538016 538017 538018 538019 538020
176 538021 538022 538023 538024 538025 538026 538027 538028 538029 538030
177 539011 539012 539013 539014 539015 539016 539017 539018 539019 539020
178 539021 539022 539023 539024 539025 539026 539027 539028 539029 539030
179 53a011 53a012 53a013 53a014 53a015 53a016 53a017 53a018 53a019 53a020
180 53a021 53a022 53a023 53a024 53a025 53a026 53a027 53a028 53a029 53a030
181 53b011 53b012 53b013 53b014 53b015 53b016 53b017 53b018 53b019 53b020
182 53b021 53b022 53b023 53b024 53b025 53b026 53b027 53b028 53b029 53b030
183 53c011 53c012 53c013 53c014 53c015 53c016 53c017 53c018 53c019 53c020
184 53c021 53c022 53c023 53c024 53c025 53c026 53c027 53c028 53c029 53c030
185 53d011 53d012 53d013 53d014 53d015 53d016 53d017 53d018 53d019 53d020
186 53d021 53d022 53d023 53d024 53d025 53d026 53d027 53d028 53d029 53d030
187 53e011 53e012 53e013 53e014 53e015 53e016 53e017 53e018 53e019 53e020
188 53e021 53e022 53e023 53e024 53e025 53e026 53e027 53e028 53e029 53e030
189 53f011 53f012 53f013 53f014 53f015 53f016 53f017 53f018 53f019 53f020
190 53f021 53f022 53f023 53f024 53f025 53f026 53f027 53f028 53f029 53f030
191 540011 540012 540013 540014 540015 540016 540017 540018 540019 540020
192 540021 540022 540023 540024 540025 540026 540027 540028 540029 540030
193 541011 541012 541013 541014 541015 541016 541017 541018 541019 541020
194 541021 541022 541023 541024 541025 541026 541027 541028 541029 541030
195 542011 542012 542013 542014 542015 542016 542017 542018 542019 542020
196 542021 542022 542023 542024 542025 542026 542027 542028 542029 542030
197 543011 543012 543013 543014 543015 543016 543017 543018 543019 543020
198 543021 543022 543023 543024 543025 543026 543027 543028 543029 543030
199 544011 544012 544013 544014 544015 544016 544017 544018 544019 544020
200 544021 544022 544023 544024 544025 544026 544027 544028 544029 544030
201 545011 545012 545013 545014 545015 545016 545017 545018 545019 545020
202 545021 545022 545023 545024 545025 545026 545027 545028 545029 545030
203 546011 546012 546013 546014 546015 546016 546017 546018 546019 546020
204 546021 546022 546023 546024 546025 546026 546027 546028 546029 546030
205 547011 547012 547013 547014 547015 547016 547017 547018 547019 547020
206 547021 547022 547023 547024 547025 547026 547027 547028 547029 547030
207 548011 548012 548013 548014 548015 548016 548017 548018 548019 548020
208 548021 548022 548023 548024 548025 548026 548027 548028 548029 548030
209 549011 549012 549013 549014 549015 549016 549017 549018 549019 549020
210 549021 549022 549023 549024 549025 549026 549027 549028 549029 549030
211 54a011 54a012 54a013 54a014 54a015 54a016 54a017 54a018 54a019 54a020
212 54a021 54a022 54a023 54a024 54a025 54a026 54a027 54a028 54a029 54a030
213 54b011 54b012 54b013 54b014 54b015 54b016 54b017 54b018 54b019 54b020
214 54b021 54b022 54b023 54b024 54b025 54b026 54b027 54b028 54b029 54b030
215 54c011 54c012 54c013 54c014 54c015 54c016 54c017 54c018 54c019 54c020
216 54c021 54c022 54c023 54c024 54c025 54c026 54c027 54c028 54c029 54c030
217 54d011 54d012 54d013 54d014 54d015 54d016 54d017 54d018 54d019 54d020
218 54d021 54d022 54d023 54d024 54d025 54d026 54d027 54d028 54d029 54d030
219 54e011 54e012 54e013 54e014 54e015 54e016 54e017 54e018 54e019 54e020
220 54e021 54e022 54e023 54e024 54e025 54e026 54e027 54e028 54e029 54e030
221 54f011 54f012 54f013 54f014 54f015 54f016 54f017 54f018 54f019 54f020
222 54f021 54f022 54f023 54f024 54f025 54f026 54f027 54f028 54f029 54f030
223 550011 550012 550013 550014 550015 550016 550017 550018 550019 550020
224 550021 550022 550023 550024 550025 550026 550027 550028 550029 550030
225 551011 551012 551013 551014 551015 551016 551017 551018 551019 551020
226 551021 551022 551023 551024 551025 551026 551027 551028 551029 551030
227 552011 552012 552013 552014 552015 552016 552017 552018 552019 552020
228 552021 552022 552023 552024 552025 552026 552027 552028 552029 552030
229 553011 553012 553013 553014 553015 553016 553017 553018 553019 553020
230 553021 553022 553023 553024 553025 553026 553027 553028 553029 553030
231 554011 554012 554013 554014 554015 554016 554017 554018 554019 554020
232 554021 554022 554023 554024 554025 554026 554027 554028 554029 554030
233 555011 555012 555013 555014 555015 555016 555017 555018 555019 555020
234 555021 555022 555023 555024 555025 555026 555027 555028 555029 555030
235 556011 556012 556013 556014 556015 556016 556017 556018 556019 556020
236 556021 556022 556023 556024 556025 556026 556027 556028 556029 556030
237 557011 557012 557013 557014 557015 557016 557017 557018 557019 557020
238 557021 557022 557023 557024 557025 557026 557027 557028 557029 557030
239 558011 558012 558013 558014 558015 558016 558017 558018 558019 558020
240 558021 558022 558023 558024 558025 558026 558027 558028 558029 558030
241 559011 559012 559013 559014 559015 559016 559017 559018 559019 559020
242 559021 559022 559023 559024 559025 559026 559027 559028 559029 559030
243 55a011 55a012 55a013 55a014 55a015 55a016 55a017 55a018 55a019 55a020
244 55a021 55a022 55a023 55a024 55a025 55a026 55a027 55a028 55a029 55a030
245 55b011 55b012 55b013 55b014 55b015 55b016 55b017 55b018 55b019 55b020
246 55b021 55b022 55b023 55b024 55b025 55b026 55b027 55b028 55b029 55b030
247 55c011 55c012 55c013 55c014 55c015 55c016 55c017 55c018 55c019 55c020
248 55c021 55c022 55c023 55c024 55c025 55c026 55c027 55c028 55c029 55c030
249 55d011 55d012 55d013 55d014 55d015 55d016 55d017 55d018 55d019 55d020
250 55d021 55d022 55d023 55d024 55d025 55d026 55d027 55d028 55d029 55d030
251 55e011 55e012 55e013 55e014 55e015 55e016 55e017 55e018 55e019 55e020
252 55e021 55e022 55e023 55e024 55e025 55e026 55e027 55e028 55e029 55e030
253 55f011 55f012 55f013 55f014 55f015 55f016 55f017 55f018 55f019 55f020
254 55f021 55f022 55f023 55f024 55f025 55f026 55f027 55f028 55f029 55f030
255 560011 560012 560013 560014 560015 560016 560017 560018 560019 560020
256 560021 560022 560023 560024 560025 560026 560027 560028 560029 560030
257 561011 561012 561013 561014 561015 561016 561017 561018 561019 561020
258 561021 561022 561023 561024 561025 561026 561027 561028 561029 561030
259 562011 562012 562013 562014 562015 562016 562017 562018 562019 562020
260 562021 562022 562023 562024 562025 562026 562027 562028 562029 562030
261 563011 563012 563013 563014 563015 563016 563017 563018 563019 563020
262 563021 563022 563023 563024 563025 563026 563027 563028 563029 563030
263 564011 564012 564013 564014 564015 564016 564017 564018 564019 564020
264 564021 564022 564023 564024 564025 564026 564027 564028 564029 564030
265 565011 565012 565013 565014 565015 565016 565017 565018 565019 565020
266 565021 565022 565023 565024 565025 565026 565027 565028 565029 565030
267 566011 566012 566013 566014 566015 566016 566017 566018 566019 566020
268 566021 566022 566023 566024 566025 566026 566027 566028 566029 566030
269 567011 567012 567013 567014 567015 567016 567017 567018 567019 567020
270 567021 567022 567023 567024 567025 567026 567027 567028 567029 567030
271 568011 568012 568013 568014 568015 568016 568017 568018 568019 568020
272 568021 568022 568023 568024 568025 568026 568027 568028 568029 568030
273 569011 569012 569013 569014 569015 569016 569017 569018 569019 569020
274 569021 569022 569023 569024 569025 569026 569027 569028 569029 569030
275 56a011 56a012 56a013 56a014 56a015 56a016 56a017 56a018 56a019 56a020
276 56a021 56a022 56a023 56a024 56a025 56a026 56a027 56a028 56a029 56a030
277 56b011 56b012 56b013 56b014 56b015 56b016 56b017 56b018 56b019 56b020
278 56b021 56b022 56b023 56b024 56b025 56b026 56b027 56b028 56b029 56b030
279 56c011 56c012 56c013 56c014 56c015 56c016 56c017 56c018 56c019 56c020
280 56c021 56c022 56c023 56c024 56c025 56c026 56c027 56c028 56c029 56c030
281 56d011 56d012 56d013 56d014 56d015 56d016 56d017 56d018 56d019 56d020
282 56d021 56d022 56d023 56d024 56d025 56d026 56d027 56d028 56d029 56d030
283 56e011 56e012 56e013 56e014 56e015 56e016 56e017 56e018 56e019 56e020
284 56e021 56e022 56e023 56e024 56e025 56e026 56e027 56e028 56e029 56e030
285 56f011 56f012 56f013 56f014 56f015 56f016 56f017 56f018 56f019 56f020
286 56f021 56f022 56f023 56f024 56f025 56f026 56f027 56f028 56f029 56f030
287 570011 570012 570013 570014 570015 570016 570017 570018 570019 570020
288 570021 570022 570023 570024 570025 570026 570027 570028 570029 570030
289 571011 571012 571013 571014 571015 571016 571017 571018 571019 571020
290 571021 571022 571023 571024 571025 571026 571027 571028 571029 571030
291 572011 572012 572013 572014 572015 572016 572017 572018 572019 572020
292 572021 572022 572023 572024 572025 572026 572027 572028 572029 572030
293 573011 573012 573013 573014 573015 573016 573017 573018 573019 573020
294 573021 573022 573023 573024 573025 573026 573027 573028 573029 573030
295 574011 574012 574013 574014 574015 574016 574017 574018 574019 574020
296 574021 574022 574023 574024 574025 574026 574027 574028 574029 574030
297 575011 575012 575013 575014 575015 575016 575017 575018 575019 575020
298 575021 575022 575023 575024 575025 575026 575027 575028 575029 575030
299 576011 576012 576013 576014 576015 576016 576017 576018 576019 576020
300 576021 576022 576023 576024 576025 576026 576027 576028 576029 576030
301 577011 577012 577013 577014 577015 577016 577017 577018 577019 577020
302 577021 577022 577023 577024 577025 577026 577027 577028 577029 577030
303 578011 578012 578013 578014 578015 578016 578017 578018 578019 578020
304 578021 578022 578023 578024 578025 578026 578027 578028 578029 578030
305 579011 579012 579013 579014 579015 579016 579017 579018 579019 579020
306 579021 579022 579023 579024 579025 579026 579027 579028 579029 579030
307 57a011 57a012 57a013 57a014 57a015 57a016 57a017 57a018 57a019 57a020
308 57a021 57a022 57a023 57a024 57a025 57a026 57a027 57a028 57a029 57a030
309 57b011 57b012 57b013 57b014 57b015 57b016 57b017 57b018 57b019 57b020
310 57b021 57b022 57b023 57b024 57b025 57b026 57b027 57b028 57b029 57b030
311 57c011 57c012 57c013 57c014 57c015 57c016 57c017 57c018 57c019 57c020
312 57c021 57c022 57c023 57c024 57c025 57c026 57c027 57c028 57c029 57c030
313 57d011 57d012 57d013 57d014 57d015 57d016 57d017 57d018 57d019 57d020
314 57d021 57d022 57d023 57d024 57d025 57d026 57d027 57d028 57d029 57d030
315 57e011 57e012 57e013 57e014 57e015 57e016 57e017 57e018 57e019 57e020
316 57e021 57e022 57e023 57e024 57e025 57e026 57e027 57e028 57e029 57e030
317 57f011 57f012 57f013 57f014 57f015 57f016 57f017 57f018 57f019 57f020
318 57f021 57f022 57f023 57f024 57f025 57f026 57f027 57f028 57f029 57f030
319 580011 580012 580013 580014 580015 580016 580017 580018 580019 580020
320 580021 580022 580023 580024 580025 580026 580027 580028 580029 580030
321 581011 581012 581013 581014 581015 581016 581017 581018 581019 581020
322 581021 581022 581023 581024 581025 581026 581027 581028 581029 581030
323 582011 582012 582013 582014 582015 582016 582017 582018 582019 582020
324 582021 582022 582023 582024 582025 582026 582027 582028 582029 582030
325 583011 583012 583013 583014 583015 583016 583017 583018 583019 583020
326 583021 583022 583023 583024 583025 583026 583027 583028 583029 583030
327 584011 584012 584013 584014 584015 584016 584017 584018 584019 584020
328 584021 584022 584023 584024 584025 584026 584027 584028 584029 584030
329 585011 585012 585013 585014 585015 585016 585017 585018 585019 585020
330 585021 585022 585023 585024 585025 585026 585027 585028 585029 585030
331 586011 586012 586013 586014 586015 586016 586017 586018 586019 586020
332 586021 586022 586023 586024 586025 586026 586027 586028 586029 586030
333 587011 587012 587013 587014 587015 587016 587017 587018 587019 587020
334 587021 587022 587023 587024 587025 587026 587027 587028 587029 587030
335 588011 588012 588013 588014 588015 588016 588017 588018 588019 588020
336 588021 588022 588023 588024 588025 588026 588027 588028 588029 588030
337 589011 589012 589013 589014 589015 589016 589017 589018 589019 589020
338 589021 589022 589023 589024 589025 589026 589027 589028 589029 589030
339 58a011 58a012 58a013 58a014 58a015 58a016 58a017 58a018 58a019 58a020
340 58a021 58a022 58a023 58a024 58a025 58a026 58a027 58a028 58a029 58a030
341 58b011 58b012 58b013 58b014 58b015 58b016 58b017 58b018 58b019 58b020
342 58b021 58b022 58b023 58b024 58b025 58b026 58b027 58b028 58b029 58b030
343 58c011 58c012 58c013 58c014 58c015 58c016 58c017 58c018 58c019 58c020
344 58c021 58c022 58c023 58c024 58c025 58c026 58c027 58c028 58c029 58c030
345 58d011 58d012 58d013 58d014 58d015 58d016 58d017 58d018 58d019 58d020
346 58d021 58d022 58d023 58d024 58d025 58d026 58d027 58d028 58d029 58d030
347 58e011 58e012 58e013 58e014 58e015 58e016 58e017 58e018 58e019 58e020
348 58e021 58e022 58e023 58e024 58e025 58e026 58e027 58e028 58e029 58e030
349 58f011 58f012 58f013 58f014 58f015 58f016 58f017 58f018 58f019 58f020
350 58f021 58f022 58f023 58f024 58f025 58f026 58f027 58f028 58f029 58f030
