1 401001 401002 401003 401004 401005 401006 401007 401008 401009 401010
2 402001 402002 402003 402004 402005 402006 402007 402008 402009 402010
3 403001 403002 403003 403004 403005 403006 403007 403008 403009 403010
4 404001 404002 404003 404004 404005 404006 404007 404008 404009 404010
5 405001 405002 405003 405004 405005 405006 405007 405008 405009 405010
6 406001 406002 406003 406004 406005 406006 406007 406008 406009 406010
7 407001 407002 407003 407004 407005 407006 407007 407008 407009 407010
8 408001 408002 408003 408004 408005 408006 408007 408008 408009 408010
9 409001 409002 409003 409004 409005 409006 409007 409008 409009 409010
10 410001 410002 410003 410004 410005 410006 410007 410008 410009 410010
11 411001 411002 411003 411004 411005 411006 411007 411008 411009 411010
12 412001 412002 412003 412004 412005 412006 412007 412008 412009 412010
13 413001 413002 413003 413004 413005 413006 413007 413008 413009 413010
14 414001 414002 414003 414004 414005 414006 414007 414008 414009 414010
15 415001 415002 415003 415004 415005 415006 415007 415008 415009 415010
16 416001 416002 416003 416004 416005 416006 416007 416008 416009 416010
17 417001 417002 417003 417004 417005 417006 417007 417008 417009 417010
18 418001 418002 418003 418004 418005 418006 418007 418008 418009 418010
19 419001 419002 419003 419004 419005 419006 419007 419008 419009 419010
20 420001 420002 420003 420004 420005 420006 420007 420008 420009 420010
21 421001 421002 421003 421004 421005 421006 421007 421008 421009 421010
22 422001 422002 422003 422004 422005 422006 422007 422008 422009 422010
23 423001 423002 423003 423004 423005 423006 423007 423008 423009 423010
24 424001 424002 424003 424004 424005 424006 424007 424008 424009 424010
25 425001 425002 425003 425004 425005 425006 425007 425008 425009 425010
26 426001 426002 426003 426004 426005 426006 426007 426008 426009 426010
27 427001 427002 427003 427004 427005 427006 427007 427008 427009 427010
28 428001 428002 428003 428004 428005 428006 428007 428008 428009 428010
29 429001 429002 429003 429004 429005 429006 429007 429008 429009 429010
30 430001 430002 430003 430004 430005 430006 430007 430008 430009 430010
31 431001 431002 431003 431004 431005 431006 431007 431008 431009 431010
32 432001 432002 432003 432004 432005 432006 432007 432008 432009 432010
33 433001 433002 433003 433004 433005 433006 433007 433008 433009 433010
34 434001 434002 434003 434004 434005 434006 434007 434008 434009 434010
35 435001 435002 435003 435004 435005 435006 435007 435008 435009 435010
36 436001 436002 436003 436004 436005 436006 436007 436008 436009 436010
37 437001 437002 437003 437004 437005 437006 437007 437008 437009 437010
38 438001 438002 438003 438004 438005 438006 438007 438008 438009 438010
39 439001 439002 439003 439004 439005 439006 439007 439008 439009 439010
40 440001 440002 440003 440004 440005 440006 440007 440008 440009 440010
41 441001 441002 441003 441004 441005 441006 441007 441008 441009 441010
42 442001 442002 442003 442004 442005 442006 442007 442008 442009 442010
43 443001 443002 443003 443004 443005 443006 443007 443008 443009 443010
44 444001 444002 444003 444004 444005 444006 444007 444008 444009 444010
45 445001 445002 445003 445004 445005 445006 445007 445008 445009 445010
46 446001 446002 446003 446004 446005 446006 446007 446008 446009 446010
47 447001 447002 447003 447004 447005 447006 447007 447008 447009 447010
48 448001 448002 448003 448004 448005 448006 448007 448008 448009 448010
49 449001 449002 449003 449004 449005 449006 449007 449008 449009 449010
50 450001 450002 450003 450004 450005 450006 450007 450008 450009 450010
51 451001 451002 451003 451004 451005 451006 451007 451008 451009 451010
52 452001 452002 452003 452004 452005 452006 452007 452008 452009 452010
53 453001 453002 453003 453004 453005 453006 453007 453008 453009 453010
54 454001 454002 454003 454004 454005 454006 454007 454008 454009 454010
55 455001 455002 455003 455004 455005 455006 455007 455008 455009 455010
56 456001 456002 456003 456004 456005 456006 456007 456008 456009 456010
57 457001 457002 457003 457004 457005 457006 457007 457008 457009 457010
58 458001 458002 458003 458004 458005 458006 458007 458008 458009 458010
59 459001 459002 459003 459004 459005 459006 459007 459008 459009 459010
60 460001 460002 460003 460004 460005 460006 460007 460008 460009 460010
61 461001 461002 461003 461004 461005 461006 461007 461008 461009 461010
62 462001 462002 462003 462004 462005 462006 462007 462008 462009 462010
63 463001 463002 463003 463004 463005 463006 463007 463008 463009 463010
64 464001 464002 464003 464004 464005 464006 464007 464008 464009 464010
65 401011 401012 401013 401014 401015 401016 401017 401018 401019 401020
66 401021 401022 401023 401024 401025 401026 401027 401028 401029 401030
67 402011 402012 402013 402014 402015 402016 402017 402018 402019 402020
68 402021 402022 402023 402024 402025 402026 402027 402028 402029 402030
69 403011 403012 403013 403014 403015 403016 403017 403018 403019 403020
70 403021 403022 403023 403024 403025 403026 403027 403028 403029 403030
71 404011 404012 404013 404014 404015 404016 404017 404018 404019 404020
72 404021 404022 404023 404024 404025 404026 404027 404028 404029 404030
73 405011 405012 405013 405014 405015 405016 405017 405018 405019 405020
74 405021 405022 405023 405024 405025 405026 405027 405028 405029 405030
75 406011 406012 406013 406014 406015 406016 406017 406018 406019 406020
76 406021 406022 406023 406024 406025 406026 406027 406028 406029 406030
77 407011 407012 407013 407014 407015 407016 407017 407018 407019 407020
78 407021 407022 407023 407024 407025 407026 407027 407028 407029 407030
79 408011 408012 408013 408014 408015 408016 408017 408018 408019 408020
80 408021 408022 408023 408024 408025 408026 408027 408028 408029 408030
81 409011 409012 409013 409014 409015 409016 409017 409018 409019 409020
82 409021 409022 409023 409024 409025 409026 409027 409028 409029 409030
83 40a011 40a012 40a013 40a014 40a015 40a016 40a017 40a018 40a019 40a020
84 40a021 40a022 40a023 40a024 40a025 40a026 40a027 40a028 40a029 40a030
85 40b011 40b012 40b013 40b014 40b015 40b016 40b017 40b018 40b019 40b020
86 40b021 40b022 40b023 40b024 40b025 40b026 40b027 40b028 40b029 40b030
87 40c011 40c012 40c013 40c014 40c015 40c016 40c017 40c018 40c019 40c020
88 40c021 40c022 40c023 40c024 40c025 40c026 40c027 40c028 40c029 40c030
89 40d011 40d012 40d013 40d014 40d015 40d016 40d017 40d018 40d019 40d020
90 40d021 40d022 40d023 40d024 40d025 40d026 40d027 40d028 40d029 40d030
91 40e011 40e012 40e013 40e014 40e015 40e016 40e017 40e018 40e019 40e020
92 40e021 40e022 40e023 40e024 40e025 40e026 40e027 40e028 40e029 40e030
93 40f011 40f012 40f013 40f014 40f015 40f016 40f017 40f018 40f019 40f020
94 40f021 40f022 40f023 40f024 40f025 40f026 40f027 40f028 40f029 40f030
95 410011 410012 410013 410014 410015 410016 410017 410018 410019 410020
96 410021 410022 410023 410024 410025 410026 410027 410028 410029 410030
97 411011 411012 411013 411014 411015 411016 411017 411018 411019 411020
98 411021 411022 411023 411024 411025 411026 411027 411028 411029 411030
99 412011 412012 412013 412014 412015 412016 412017 412018 412019 412020
100 412021 412022 412023 412024 412025 412026 412027 412028 412029 412030
101 413011 413012 413013 413014 413015 413016 413017 413018 413019 413020
102 413021 413022 413023 413024 413025 413026 413027 413028 413029 413030
103 414011 414012 414013 414014 414015 414016 414017 414018 414019 414020
104 414021 414022 414023 414024 414025 414026 414027 414028 414029 414030
105 415011 415012 415013 415014 415015 415016 415017 415018 415019 415020
106 415021 415022 415023 415024 415025 415026 415027 415028 415029 415030
107 416011 416012 416013 416014 416015 416016 416017 416018 416019 416020
108 416021 416022 416023 416024 416025 416026 416027 416028 416029 416030
109 417011 417012 417013 417014 417015 417016 417017 417018 417019 417020
110 417021 417022 417023 417024 417025 417026 417027 417028 417029 417030
111 418011 418012 418013 418014 418015 418016 418017 418018 418019 418020
112 418021 418022 418023 418024 418025 418026 418027 418028 418029 418030
113 419011 419012 419013 419014 419015 419016 419017 419018 419019 419020
114 419021 419022 419023 419024 419025 419026 419027 419028 419029 419030
115 41a011 41a012 41a013 41a014 41a015 41a016 41a017 41a018 41a019 41a020
116 41a021 41a022 41a023 41a024 41a025 41a026 41a027 41a028 41a029 41a030
117 41b011 41b012 41b013 41b014 41b015 41b016 41b017 41b018 41b019 41b020
118 41b021 41b022 41b023 41b024 41b025 41b026 41b027 41b028 41b029 41b030
119 41c011 41c012 41c013 41c014 41c015 41c016 41c017 41c018 41c019 41c020
120 41c021 41c022 41c023 41c024 41c025 41c026 41c027 41c028 41c029 41c030
121 41d011 41d012 41d013 41d014 41d015 41d016 41d017 41d018 41d019 41d020
122 41d021 41d022 41d023 41d024 41d025 41d026 41d027 41d028 41d029 41d030
123 41e011 41e012 41e013 41e014 41e015 41e016 41e017 41e018 41e019 41e020
124 41e021 41e022 41e023 41e024 41e025 41e026 41e027 41e028 41e029 41e030
125 41f011 41f012 41f013 41f014 41f015 41f016 41f017 41f018 41f019 41f020
126 41f021 41f022 41f023 41f024 41f025 41f026 41f027 41f028 41f029 41f030
127 420011 420012 420013 420014 420015 420016 420017 420018 420019 420020
128 420021 420022 420023 420024 420025 420026 420027 420028 420029 420030
129 421011 421012 421013 421014 421015 421016 421017 421018 421019 421020
130 421021 421022 421023 421024 421025 421026 421027 421028 421029 421030
131 422011 422012 422013 422014 422015 422016 422017 422018 422019 422020
132 422021 422022 422023 422024 422025 422026 422027 422028 422029 422030
133 423011 423012 423013 423014 423015 423016 423017 423018 423019 423020
134 423021 423022 423023 423024 423025 423026 423027 423028 423029 423030
135 424011 424012 424013 424014 424015 424016 424017 424018 424019 424020
136 424021 424022 424023 424024 424025 424026 424027 424028 424029 424030
137 425011 425012 425013 425014 425015 425016 425017 425018 425019 425020
138 425021 425022 425023 425024 425025 425026 425027 425028 425029 425030
139 426011 426012 426013 426014 426015 426016 426017 426018 426019 426020
140 426021 426022 426023 426024 426025 426026 426027 426028 426029 426030
141 427011 427012 427013 427014 427015 427016 427017 427018 427019 427020
142 427021 427022 427023 427024 427025 427026 427027 427028 427029 427030
143 428011 428012 428013 428014 428015 428016 428017 428018 428019 428020
144 428021 428022 428023 428024 428025 428026 428027 428028 428029 428030
145 429011 429012 429013 429014 429015 429016 429017 429018 429019 429020
146 429021 429022 429023 429024 429025 429026 429027 429028 429029 429030
147 42a011 42a012 42a013 42a014 42a015 42a016 42a017 42a018 42a019 42a020
148 42a021 42a022 42a023 42a024 42a025 42a026 42a027 42a028 42a029 42a030
149 42b011 42b012 42b013 42b014 42b015 42b016 42b017 42b018 42b019 42b020
150 42b021 42b022 42b023 42b024 42b025 42b026 42b027 42b028 42b029 42b030
151 42c011 42c012 42c013 42c014 42c015 42c016 42c017 42c018 42c019 42c020
152 42c021 42c022 42c023 42c024 42c025 42c026 42c027 42c028 42c029 42c030
153 42d011 42d012 42d013 42d014 42d015 42d016 42d017 42d018 42d019 42d020
154 42d021 42d022 42d023 42d024 42d025 42d026 42d027 42d028 42d029 42d030
155 42e011 42e012 42e013 42e014 42e015 42e016 42e017 42e018 42e019 42e020
156 42e021 42e022 42e023 42e024 42e025 42e026 42e027 42e028 42e029 42e030
157 42f011 42f012 42f013 42f014 42f015 42f016 42f017 42f018 42f019 42f020
158 42f021 42f022 42f023 42f024 42f025 42f026 42f027 42f028 42f029 42f030
159 430011 430012 430013 430014 430015 430016 430017 430018 430019 430020
160 430021 430022 430023 430024 430025 430026 430027 430028 430029 430030
161 431011 431012 431013 431014 431015 431016 431017 431018 431019 431020
162 431021 431022 431023 431024 431025 431026 431027 431028 431029 431030
163 432011 432012 432013 432014 432015 432016 432017 432018 432019 432020
164 432021 432022 432023 432024 432025 432026 432027 432028 432029 432030
165 433011 433012 433013 433014 433015 433016 433017 433018 433019 433020
166 433021 433022 433023 433024 433025 433026 433027 433028 433029 433030
167 434011 434012 434013 434014 434015 434016 434017 434018 434019 434020
168 434021 434022 434023 434024 434025 434026 434027 434028 434029 434030
169 435011 435012 435013 435014 435015 435016 435017 435018 435019 435020
170 435021 435022 435023 435024 435025 435026 435027 435028 435029 435030
171 436011 436012 436013 436014 436015 436016 436017 436018 436019 436020
172 436021 436022 436023 436024 436025 436026 436027 436028 436029 436030
173 437011 437012 437013 437014 437015 437016 437017 437018 437019 437020
174 437021 437022 437023 437024 437025 437026 437027 437028 437029 437030
175 438011 438012 438013 438014 438015 438016 438017 438018 438019 438020
176 438021 438022 438023 438024 438025 438026 438027 438028 438029 438030
177 439011 439012 439013 439014 439015 439016 439017 439018 439019 439020
178 439021 439022 439023 439024 439025 439026 439027 439028 439029 439030
179 43a011 43a012 43a013 43a014 43a015 43a016 43a017 43a018 43a019 43a020
180 43a021 43a022 43a023 43a024 43a025 43a026 43a027 43a028 43a029 43a030
181 43b011 43b012 43b013 43b014 43b015 43b016 43b017 43b018 43b019 43b020
182 43b021 43b022 43b023 43b024 43b025 43b026 43b027 43b028 43b029 43b030
183 43c011 43c012 43c013 43c014 43c015 43c016 43c017 43c018 43c019 43c020
184 43c021 43c022 43c023 43c024 43c025 43c026 43c027 43c028 43c029 43c030
185 43d011 43d012 43d013 43d014 43d015 43d016 43d017 43d018 43d019 43d020
186 43d021 43d022 43d023 43d024 43d025 43d026 43d027 43d028 43d029 43d030
187 43e011 43e012 43e013 43e014 43e015 43e016 43e017 43e018 43e019 43e020
188 43e021 43e022 43e023 43e024 43e025 43e026 43e027 43e028 43e029 43e030
189 43f011 43f012 43f013 43f014 43f015 43f016 43f017 43f018 43f019 43f020
190 43f021 43f022 43f023 43f024 43f025 43f026 43f027 43f028 43f029 43f030
191 440011 440012 440013 440014 440015 440016 440017 440018 440019 440020
192 440021 440022 440023 440024 440025 440026 440027 440028 440029 440030
193 441011 441012 441013 441014 441015 441016 441017 441018 441019 441020
194 441021 441022 441023 441024 441025 441026 441027 441028 441029 441030
195 442011 442012 442013 442014 442015 442016 442017 442018 442019 442020
196 442021 442022 442023 442024 442025 442026 442027 442028 442029 442030
197 443011 443012 443013 443014 443015 443016 443017 443018 443019 443020
198 443021 443022 443023 443024 443025 443026 443027 443028 443029 443030
199 444011 444012 444013 444014 444015 444016 444017 444018 444019 444020
200 444021 444022 444023 444024 444025 444026 444027 444028 444029 444030
201 445011 445012 445013 445014 445015 445016 445017 445018 445019 445020
202 445021 445022 445023 445024 445025 445026 445027 445028 445029 445030
203 446011 446012 446013 446014 446015 446016 446017 446018 446019 446020
204 446021 446022 446023 446024 446025 446026 446027 446028 446029 446030
205 447011 447012 447013 447014 447015 447016 447017 447018 447019 447020
206 447021 447022 447023 447024 447025 447026 447027 447028 447029 447030
207 448011 448012 448013 448014 448015 448016 448017 448018 448019 448020
208 448021 448022 448023 448024 448025 448026 448027 448028 448029 448030
209 449011 449012 449013 449014 449015 449016 449017 449018 449019 449020
210 449021 449022 449023 449024 449025 449026 449027 449028 449029 449030
211 44a011 44a012 44a013 44a014 44a015 44a016 44a017 44a018 44a019 44a020
212 44a021 44a022 44a023 44a024 44a025 44a026 44a027 44a028 44a029 44a030
213 44b011 44b012 44b013 44b014 44b015 44b016 44b017 44b018 44b019 44b020
214 44b021 44b022 44b023 44b024 44b025 44b026 44b027 44b028 44b029 44b030
215 44c011 44c012 44c013 44c014 44c015 44c016 44c017 44c018 44c019 44c020
216 44c021 44c022 44c023 44c024 44c025 44c026 44c027 44c028 44c029 44c030
217 44d011 44d012 44d013 44d014 44d015 44d016 44d017 44d018 44d019 44d020
218 44d021 44d022 44d023 44d024 44d025 44d026 44d027 44d028 44d029 44d030
219 44e011 44e012 44e013 44e014 44e015 44e016 44e017 44e018 44e019 44e020
220 44e021 44e022 44e023 44e024 44e025 44e026 44e027 44e028 44e029 44e030
221 44f011 44f012 44f013 44f014 44f015 44f016 44f017 44f018 44f019 44f020
222 44f021 44f022 44f023 44f024 44f025 44f026 44f027 44f028 44f029 44f030
223 450011 450012 450013 450014 450015 450016 450017 450018 450019 450020
224 450021 450022 450023 450024 450025 450026 450027 450028 450029 450030
225 451011 451012 451013 451014 451015 451016 451017 451018 451019 451020
226 451021 451022 451023 451024 451025 451026 451027 451028 451029 451030
227 452011 452012 452013 452014 452015 452016 452017 452018 452019 452020
228 452021 452022 452023 452024 452025 452026 452027 452028 452029 452030
229 453011 453012 453013 453014 453015 453016 453017 453018 453019 453020
230 453021 453022 453023 453024 453025 453026 453027 453028 453029 453030
231 454011 454012 454013 454014 454015 454016 454017 454018 454019 454020
232 454021 454022 454023 454024 454025 454026 454027 454028 454029 454030
233 455011 455012 455013 455014 455015 455016 455017 455018 455019 455020
234 455021 455022 455023 455024 455025 455026 455027 455028 455029 455030
235 456011 456012 456013 456014 456015 456016 456017 456018 456019 456020
236 456021 456022 456023 456024 456025 456026 456027 456028 456029 456030
237 457011 457012 457013 457014 457015 457016 457017 457018 457019 457020
238 457021 457022 457023 457024 457025 457026 457027 457028 457029 457030
239 458011 458012 458013 458014 458015 458016 458017 458018 458019 458020
240 458021 458022 458023 458024 458025 458026 458027 458028 458029 458030
241 459011 459012 459013 459014 459015 459016 459017 459018 459019 459020
242 459021 459022 459023 459024 459025 459026 459027 459028 459029 459030
243 45a011 45a012 45a013 45a014 45a015 45a016 45a017 45a018 45a019 45a020
244 45a021 45a022 45a023 45a024 45a025 45a026 45a027 45a028 45a029 45a030
245 45b011 45b012 45b013 45b014 45b015 45b016 45b017 45b018 45b019 45b020
246 45b021 45b022 45b023 45b024 45b025 45b026 45b027 45b028 45b029 45b030
247 45c011 45c012 45c013 45c014 45c015 45c016 45c017 45c018 45c019 45c020
248 45c021 45c022 45c023 45c024 45c025 45c026 45c027 45c028 45c029 45c030
249 45d011 45d012 45d013 45d014 45d015 45d016 45d017 45d018 45d019 45d020
250 45d021 45d022 45d023 45d024 45d025 45d026 45d027 45d028 45d029 45d030
251 45e011 45e012 45e013 45e014 45e015 45e016 45e017 45e018 45e019 45e020
252 45e021 45e022 45e023 45e024 45e025 45e026 45e027 45e028 45e029 45e030
253 45f011 45f012 45f013 45f014 45f015 45f016 45f017 45f018 45f019 45f020
254 45f021 45f022 45f023 45f024 45f025 45f026 45f027 45f028 45f029 45f030
255 460011 460012 460013 460014 460015 460016 460017 460018 460019 460020
256 460021 460022 460023 460024 460025 460026 460027 460028 460029 460030
257 461011 461012 461013 461014 461015 461016 461017 461018 461019 461020
258 461021 461022 461023 461024 461025 461026 461027 461028 461029 461030
259 462011 462012 462013 462014 462015 462016 462017 462018 462019 462020
260 462021 462022 462023 462024 462025 462026 462027 462028 462029 462030
261 463011 463012 463013 463014 463015 463016 463017 463018 463019 463020
262 463021 463022 463023 463024 463025 463026 463027 463028 463029 463030
263 464011 464012 464013 464014 464015 464016 464017 464018 464019 464020
264 464021 464022 464023 464024 464025 464026 464027 464028 464029 464030
265 465011 465012 465013 465014 465015 465016 465017 465018 465019 465020
266 465021 465022 465023 465024 465025 465026 465027 465028 465029 465030
267 466011 466012 466013 466014 466015 466016 466017 466018 466019 466020
268 466021 466022 466023 466024 466025 466026 466027 466028 466029 466030
269 467011 467012 467013 467014 467015 467016 467017 467018 467019 467020
270 467021 467022 467023 467024 467025 467026 467027 467028 467029 467030
271 468011 468012 468013 468014 468015 468016 468017 468018 468019 468020
272 468021 468022 468023 468024 468025 468026 468027 468028 468029 468030
273 469011 469012 469013 469014 469015 469016 469017 469018 469019 469020
274 469021 469022 469023 469024 469025 469026 469027 469028 469029 469030
275 46a011 46a012 46a013 46a014 46a015 46a016 46a017 46a018 46a019 46a020
276 46a021 46a022 46a023 46a024 46a025 46a026 46a027 46a028 46a029 46a030
277 46b011 46b012 46b013 46b014 46b015 46b016 46b017 46b018 46b019 46b020
278 46b021 46b022 46b023 46b024 46b025 46b026 46b027 46b028 46b029 46b030
279 46c011 46c012 46c013 46c014 46c015 46c016 46c017 46c018 46c019 46c020
280 46c021 46c022 46c023 46c024 46c025 46c026 46c027 46c028 46c029 46c030
281 46d011 46d012 46d013 46d014 46d015 46d016 46d017 46d018 46d019 46d020
282 46d021 46d022 46d023 46d024 46d025 46d026 46d027 46d028 46d029 46d030
283 46e011 46e012 46e013 46e014 46e015 46e016 46e017 46e018 46e019 46e020
284 46e021 46e022 46e023 46e024 46e025 46e026 46e027 46e028 46e029 46e030
285 46f011 46f012 46f013 46f014 46f015 46f016 46f017 46f018 46f019 46f020
286 46f021 46f022 46f023 46f024 46f025 46f026 46f027 46f028 46f029 46f030
287 470011 470012 470013 470014 470015 470016 470017 470018 470019 470020
288 470021 470022 470023 470024 470025 470026 470027 470028 470029 470030
289 471011 471012 471013 471014 471015 471016 471017 471018 471019 471020
290 471021 471022 471023 471024 471025 471026 471027 471028 471029 471030
291 472011 472012 472013 472014 472015 472016 472017 472018 472019 472020
292 472021 472022 472023 472024 472025 472026 472027 472028 472029 472030
293 473011 473012 473013 473014 473015 473016 473017 473018 473019 473020
294 473021 473022 473023 473024 473025 473026 473027 473028 473029 473030
295 474011 474012 474013 474014 474015 474016 474017 474018 474019 474020
296 474021 474022 474023 474024 474025 474026 474027 474028 474029 474030
297 475011 475012 475013 475014 475015 475016 475017 475018 475019 475020
298 475021 475022 475023 475024 475025 475026 475027 475028 475029 475030
299 476011 476012 476013 476014 476015 476016 476017 476018 476019 476020
300 476021 476022 476023 476024 476025 476026 476027 476028 476029 476030
301 477011 477012 477013 477014 477015 477016 477017 477018 477019 477020
302 477021 477022 477023 477024 477025 477026 477027 477028 477029 477030
303 478011 478012 478013 478014 478015 478016 478017 478018 478019 478020
304 478021 478022 478023 478024 478025 478026 478027 478028 478029 478030
305 479011 479012 479013 479014 479015 479016 479017 479018 479019 479020
306 479021 479022 479023 479024 479025 479026 479027 479028 479029 479030
307 47a011 47a012 47a013 47a014 47a015 47a016 47a017 47a018 47a019 47a020
308 47a021 47a022 47a023 47a024 47a025 47a026 47a027 47a028 47a029 47a030
309 47b011 47b012 47b013 47b014 47b015 47b016 47b017 47b018 47b019 47b020
310 47b021 47b022 47b023 47b024 47b025 47b026 47b027 47b028 47b029 47b030
311 47c011 47c012 47c013 47c014 47c015 47c016 47c017 47c018 47c019 47c020
312 47c021 47c022 47c023 47c024 47c025 47c026 47c027 47c028 47c029 47c030
313 47d011 47d012 47d013 47d014 47d015 47d016 47d017 47d018 47d019 47d020
314 47d021 47d022 47d023 47d024 47d025 47d026 47d027 47d028 47d029 47d030
315 47e011 47e012 47e013 47e014 47e015 47e016 47e017 47e018 47e019 47e020
316 47e021 47e022 47e023 47e024 47e025 47e026 47e027 47e028 47e029 47e030
317 47f011 47f012 47f013 47f014 47f015 47f016 47f017 47f018 47f019 47f020
318 47f021 47f022 47f023 47f024 47f025 47f026 47f027 47f028 47f029 47f030
319 480011 480012 480013 480014 480015 480016 480017 480018 480019 480020
320 480021 480022 480023 480024 480025 480026 480027 480028 480029 480030
321 481011 481012 481013 481014 481015 481016 481017 481018 481019 481020
322 481021 481022 481023 481024 481025 481026 481027 481028 481029 481030
323 482011 482012 482013 482014 482015 482016 482017 482018 482019 482020
324 482021 482022 482023 482024 482025 482026 482027 482028 482029 482030
325 483011 483012 483013 483014 483015 483016 483017 483018 483019 483020
326 483021 483022 483023 483024 483025 483026 483027 483028 483029 483030
327 484011 484012 484013 484014 484015 484016 484017 484018 484019 484020
328 484021 484022 484023 484024 484025 484026 484027 484028 484029 484030
329 485011 485012 485013 485014 485015 485016 485017 485018 485019 485020
330 485021 485022 485023 485024 485025 485026 485027 485028 485029 485030
331 486011 486012 486013 486014 486015 486016 486017 486018 486019 486020
332 486021 486022 486023 486024 486025 486026 486027 486028 486029 486030
333 487011 487012 487013 487014 487015 487016 487017 487018 487019 487020
334 487021 487022 487023 487024 487025 487026 487027 487028 487029 487030
335 488011 488012 488013 488014 488015 488016 488017 488018 488019 488020
336 488021 488022 488023 488024 488025 488026 488027 488028 488029 488030
337 489011 489012 489013 489014 489015 489016 489017 489018 489019 489020
338 489021 489022 489023 489024 489025 489026 489027 489028 489029 489030
339 48a011 48a012 48a013 48a014 48a015 48a016 48a017 48a018 48a019 48a020
340 48a021 48a022 48a023 48a024 48a025 48a026 48a027 48a028 48a029 48a030
341 48b011 48b012 48b013 48b014 48b015 48b016 48b017 48b018 48b019 48b020
342 48b021 48b022 48b023 48b024 48b025 48b026 48b027 48b028 48b029 48b030
343 48c011 48c012 48c013 48c014 48c015 48c016 48c017 48c018 48c019 48c020
344 48c021 48c022 48c023 48c024 48c025 48c026 48c027 48c028 48c029 48c030
345 48d011 48d012 48d013 48d014 48d015 48d016 48d017 48d018 48d019 48d020
346 48d021 48d022 48d023 48d024 48d025 48d026 48d027 48d028 48d029 48d030
347 48e011 48e012 48e013 48e014 48e015 48e016 48e017 48e018 48e019 48e020
348 48e021 48e022 48e023 48e024 48e025 48e026 48e027 48e028 48e029 48e030
349 48f011 48f012 48f013 48f014 48f015 48f016 48f017 48f018 48f019 48f020
350 48f021 48f022 48f023 48f024 48f025 48f026 48f027 48f028 48f029 48f030
